time 	latitude 	longitude 	water temperature 	water sound speed 	water salinity 	water conductivity 	anomaly of water mass density
2015-01-12T00:00:00.000Z 	42016.0 	42.6089318 	3.7618048 	14.49899959564209 	1508.5 	37.93579864501953 	4.608139991760254 	28.3492
2015-01-12T00:04:59.999Z 	42016.00347222222 	42.6137853 	3.7515199 	14.503999710083008 	1508.5 	37.93579864501953 	4.608650207519531 	28.3482
2015-01-12T00:09:59.999Z 	42016.00694444444 	42.6187011 	3.7412172 	14.510000228881836 	1508.5 	37.93109893798828 	4.608139991760254 	28.3431
2015-01-12T00:14:59.999Z 	42016.01041666666 	42.6235498 	3.7311528000000003 	14.642999649047852 	1509.0 	37.94540023803711 	4.622690200805664 	28.3248
2015-01-12T00:19:59.999Z 	42016.013888888876 	42.6284168 	3.7210767 	14.699000358581543 	1509.199951171875 	37.954498291015625 	4.629509925842285 	28.3194
2015-01-12T00:24:59.999Z 	42016.017361111095 	42.6322294 	3.7123824 	14.704000473022461 	1509.199951171875 	37.956401824951165 	4.630529880523682 	28.3198
2015-01-12T00:29:59.999Z 	42016.020833333314 	42.6365784 	3.7037440000000004 	14.701000213623047 	1509.199951171875 	37.96080017089844 	4.631450176239014 	28.3238
2015-01-12T00:34:59.999Z 	42016.02430555553 	42.6411581 	3.6951475000000005 	14.720999717712402 	1509.300048828125 	37.96810150146484 	4.633480072021484 	28.3251
2015-01-12T00:39:59.999Z 	42016.02777777775 	42.6453532 	3.6862609 	14.736000061035156 	1509.300048828125 	37.97249984741211 	4.635419845581055 	28.3251
2015-01-12T00:44:59.999Z 	42016.03124999997 	42.649517 	3.6775847 	14.78499984741211 	1509.5 	37.977298736572266 	4.639589786529541 	28.3178
2015-01-12T00:49:59.999Z 	42016.03472222219 	42.6536858 	3.6684636999999998 	14.809000015258789 	1509.5 	37.98149871826172 	4.642240047454834 	28.3159
2015-01-12T00:54:59.999Z 	42016.03819444441 	42.6578996 	3.6593296 	14.807999610900879 	1509.5 	37.981201171875 	4.644169807434082 	28.3158
2015-01-12T00:59:59.999Z 	42016.04166666663 	42.6622152 	3.6502466000000005 	14.803999900817871 	1509.5 	37.97679901123047 	4.6437602043151855 	28.3133
2015-01-12T01:04:59.999Z 	42016.04513888885 	42.6665304 	3.6411914 	14.798999786376953 	1509.5 	37.97909927368164 	4.643360137939453 	28.316
2015-01-12T01:09:59.999Z 	42016.048611111066 	42.6709529 	3.6320309 	14.786999702453613 	1509.5 	37.97639846801758 	4.641829967498779 	28.3167
2015-01-12T01:14:59.999Z 	42016.052083333285 	42.6758035 	3.6230971999999997 	14.722999572753906 	1509.300048828125 	37.9723014831543 	4.636129856109619 	28.3279
2015-01-12T01:19:59.999Z 	42016.055555555504 	42.6809015 	3.6141767 	14.50100040435791 	1508.5999755859375 	37.964698791503906 	4.620250225067139 	28.3712
2015-01-12T01:24:59.999Z 	42016.05902777772 	42.6852967 	3.6054028999999996 	14.1899995803833 	1507.5 	37.945098876953125 	4.58696985244751 	28.4242
2015-01-12T01:29:59.999Z 	42016.06249999994 	42.6886171 	3.5958210000000004 	13.800999641418457 	1506.199951171875 	37.90660095214844 	4.531610012054443 	28.4785
2015-01-12T01:34:59.999Z 	42016.06597222216 	42.692298 	3.5858909 	13.869000434875488 	1506.5 	37.90950012207031 	4.536900043487549 	28.466
2015-01-12T01:39:59.999Z 	42016.06944444438 	42.6966578 	3.5763505 	14.04699993133545 	1507.0999755859375 	37.9203987121582 	4.555009841918945 	28.4361
2015-01-12T01:44:59.999Z 	42016.0729166666 	42.7013561 	3.5667342 	13.923999786376953 	1506.699951171875 	37.92879867553711 	4.550640106201172 	28.4693
2015-01-12T01:49:59.999Z 	42016.07638888882 	42.7061665 	3.5569804 	13.906000137329102 	1506.5999755859375 	37.92620086669922 	4.543819904327393 	28.4709
2015-01-12T01:54:59.999Z 	42016.07986111104 	42.7110429 	3.5471237 	13.822999954223633 	1506.300048828125 	37.93059921264649 	4.539440155029297 	28.4921
2015-01-12T01:59:59.999Z 	42016.083333333256 	42.7158671 	3.5372573 	13.871000289916992 	1506.5 	37.919700622558594 	4.537919998168945 	28.4736
2015-01-12T02:04:59.999Z 	42016.086805555475 	42.7204875 	3.5274592 	13.788000106811523 	1506.199951171875 	37.92789840698242 	4.536590099334717 	28.4978
2015-01-12T02:09:59.999Z 	42016.090277777694 	42.7251503 	3.517898 	13.79699993133545 	1506.199951171875 	37.92020034790039 	4.531000137329102 	28.4897
2015-01-12T02:14:59.999Z 	42016.09374999991 	42.7297987 	3.5083691 	13.831000328063965 	1506.4000244140625 	37.92229843139649 	4.533639907836914 	28.484
2015-01-12T02:19:59.999Z 	42016.09722222213 	42.7344072 	3.4988065 	13.916999816894531 	1506.5999755859375 	37.92599868774414 	4.542190074920654 	28.4686
2015-01-12T02:24:59.999Z 	42016.10069444435 	42.7389137 	3.4891688 	13.909000396728516 	1506.5999755859375 	37.9203987121582 	4.541069984436035 	28.4659
2015-01-12T02:29:59.999Z 	42016.10416666657 	42.7431078 	3.4803375 	13.947999954223633 	1506.699951171875 	37.915000915527344 	4.544020175933838 	28.4534
2015-01-12T02:34:59.999Z 	42016.10763888879 	42.7475096 	3.4716016 	13.979000091552734 	1506.800048828125 	37.919898986816406 	4.550640106201172 	28.4505
2015-01-12T02:39:59.999Z 	42016.11111111101 	42.7521639 	3.4629403 	14.039999961853027 	1507.0 	37.91680145263672 	4.553380012512207 	28.4349
2015-01-12T02:44:59.999Z 	42016.11458333323 	42.7569374 	3.4542911 	14.050000190734863 	1507.0999755859375 	37.91939926147461 	4.554910182952881 	28.4348
2015-01-12T02:49:59.999Z 	42016.118055555446 	42.7618564 	3.4455317 	14.07800006866455 	1507.199951171875 	37.92150115966797 	4.557559967041016 	28.4302
2015-01-12T02:54:59.999Z 	42016.121527777665 	42.7662153 	3.4362472 	14.100000381469727 	1507.199951171875 	37.92399978637695 	4.56112003326416 	28.4275
2015-01-12T02:59:59.999Z 	42016.12499999988 	42.7704456 	3.4267386 	14.100000381469727 	1507.199951171875 	37.92539978027344 	4.561930179595947 	28.4285
2015-01-12T03:04:59.999Z 	42016.1284722221 	42.7748986 	3.4171729 	14.095000267028809 	1507.199951171875 	37.92610168457031 	4.561930179595947 	28.4302
2015-01-12T03:09:59.999Z 	42016.13194444432 	42.7793057 	3.407726 	14.102999687194824 	1507.199951171875 	37.924598693847656 	4.561629772186279 	28.4272
2015-01-12T03:14:59.999Z 	42016.13541666654 	42.7833127 	3.398681 	14.119000434875488 	1507.300048828125 	37.925498962402344 	4.562749862670898 	28.4245
2015-01-12T03:19:59.999Z 	42016.13888888876 	42.7872139 	3.3902092 	14.128000259399414 	1507.300048828125 	37.92679977416992 	4.56427001953125 	28.4235
2015-01-12T03:24:59.999Z 	42016.14236111098 	42.7909912 	3.3820992 	14.128999710083008 	1507.300048828125 	37.925201416015625 	4.563660144805908 	28.422
2015-01-12T03:29:59.999Z 	42016.1458333332 	42.7948796 	3.3740587 	14.13700008392334 	1507.300048828125 	37.92060089111328 	4.563759803771973 	28.4168
2015-01-12T03:34:59.999Z 	42016.14930555542 	42.7989472 	3.3659716 	14.128000259399414 	1507.300048828125 	37.91949844360351 	4.564879894256592 	28.4178
2015-01-12T03:39:59.999Z 	42016.152777777635 	42.8029237 	3.3578754 	14.11400032043457 	1507.300048828125 	37.914398193359375 	4.562950134277344 	28.417
2015-01-12T03:44:59.999Z 	42016.156249999854 	42.8069735 	3.3497716 	14.081000328063965 	1507.199951171875 	37.91339874267578 	4.558879852294922 	28.4233
2015-01-12T03:49:59.999Z 	42016.15972222207 	42.8111348 	3.3415681 	14.038000106811523 	1507.0 	37.912200927734375 	4.552670001983643 	28.4317
2015-01-12T03:54:59.999Z 	42016.16319444429 	42.816275 	3.3347816 	13.989999771118164 	1506.9000244140625 	37.90769958496094 	4.548600196838379 	28.4386
2015-01-12T03:59:59.999Z 	42016.16666666651 	42.8231881 	3.3306074 	13.880000114440918 	1506.5 	37.90530014038086 	4.538730144500732 	28.4604
2015-01-12T04:04:59.999Z 	42016.17013888873 	42.8251545 	3.3212362 	13.751999855041504 	1506.0999755859375 	37.90599822998047 	4.529270172119141 	28.4884
2015-01-12T04:09:59.999Z 	42016.17361111095 	42.8280179 	3.3121316 	13.362000465393066 	1504.800048828125 	37.90650177001953 	4.4910101890563965 	28.5714
2015-01-12T04:14:59.999Z 	42016.17708333317 	42.8317589 	3.302744 	13.38700008392334 	1504.9000244140625 	37.88750076293945 	4.482970237731934 	28.5514
2015-01-12T04:19:59.999Z 	42016.18055555539 	42.8356346 	3.2933256 	13.42199993133545 	1505.0 	37.89400100708008 	4.487549781799316 	28.5491
2015-01-12T04:24:59.999Z 	42016.18402777761 	42.8394367 	3.2839563 	13.48799991607666 	1505.199951171875 	37.90319824218751 	4.4955902099609375 	28.5422
2015-01-12T04:29:59.999Z 	42016.187499999825 	42.8431261 	3.2747145 	13.598999977111816 	1505.5999755859375 	37.903099060058594 	4.499549865722656 	28.5187
2015-01-12T04:34:59.999Z 	42016.190972222044 	42.8468337 	3.2657947 	13.5600004196167 	1505.5 	37.90660095214844 	4.500370025634766 	28.5297
2015-01-12T04:39:59.999Z 	42016.19444444426 	42.8505285 	3.2567976 	13.59000015258789 	1505.5999755859375 	37.90560150146484 	4.502910137176514 	28.5226
2015-01-12T04:44:59.999Z 	42016.19791666648 	42.8543122 	3.2478532 	13.625 	1505.699951171875 	37.90570068359375 	4.504539966583252 	28.5152
2015-01-12T04:49:59.999Z 	42016.2013888887 	42.8581235 	3.2387951 	13.637999534606934 	1505.699951171875 	37.9109001159668 	4.507589817047119 	28.5164
2015-01-12T04:54:59.999Z 	42016.20486111092 	42.8618001 	3.2301162 	13.656999588012695 	1505.800048828125 	37.90800094604492 	4.509119987487793 	28.5101
2015-01-12T04:59:59.999Z 	42016.20833333314 	42.8652623 	3.2222302 	13.654999732971191 	1505.800048828125 	37.907501220703125 	4.508920192718506 	28.5103
2015-01-12T05:04:59.999Z 	42016.21180555536 	42.8687036 	3.2145714 	13.642999649047852 	1505.699951171875 	37.90420150756836 	4.507390022277832 	28.5101
2015-01-12T05:09:59.999Z 	42016.21527777758 	42.8723732 	3.207172 	13.614999771118164 	1505.5999755859375 	37.89950180053711 	4.505859851837158 	28.5125
2015-01-12T05:14:59.999Z 	42016.218749999796 	42.8762271 	3.2000014 	13.607999801635742 	1505.5999755859375 	37.89699935913086 	4.504129886627197 	28.5121
2015-01-12T05:19:59.999Z 	42016.222222222015 	42.8801922 	3.1926728 	13.600000381469727 	1505.5999755859375 	37.89659881591797 	4.502910137176514 	28.5134
2015-01-12T05:24:59.999Z 	42016.225694444234 	42.8841737 	3.1852776 	13.60099983215332 	1505.5999755859375 	37.89860153198242 	4.502610206604004 	28.5148
2015-01-12T05:29:59.999Z 	42016.22916666645 	42.8879302 	3.1782312 	13.612000465393066 	1505.5999755859375 	37.90420150756836 	4.504740238189697 	28.5167
2015-01-12T05:34:59.999Z 	42016.23263888867 	42.8915508 	3.1716148 	13.612000465393066 	1505.5999755859375 	37.907901763916016 	4.504849910736084 	28.5196
2015-01-12T05:39:59.999Z 	42016.23611111089 	42.8946014 	3.166361 	13.605999946594238 	1505.5999755859375 	37.90909957885742 	4.505050182342529 	28.5219
2015-01-12T05:44:59.999Z 	42016.23958333311 	42.8971843 	3.1622415 	13.59000015258789 	1505.5999755859375 	37.90950012207031 	4.504129886627197 	28.5255
2015-01-12T05:49:59.999Z 	42016.24305555533 	42.8995347 	3.1592695 	13.595999717712402 	1505.5999755859375 	37.90890121459961 	4.504439830780029 	28.5239
2015-01-12T05:54:59.999Z 	42016.24652777755 	42.9006277 	3.1608261 	13.592000007629395 	1505.5999755859375 	37.90760040283203 	4.502610206604004 	28.5236
2015-01-12T05:59:59.999Z 	42016.24999999977 	42.8992889 	3.1640831 	13.609000205993652 	1505.5999755859375 	37.90829849243164 	4.50393009185791 	28.5205
2015-01-12T06:04:59.999Z 	42016.253472221986 	42.8940507 	3.1747103 	13.607999801635742 	1505.5999755859375 	37.90869903564453 	4.504340171813965 	28.5212
2015-01-12T06:09:59.999Z 	42016.256944444205 	42.8871033 	3.1880236 	13.612000465393066 	1505.5999755859375 	37.90510177612305 	4.501389980316162 	28.5176
2015-01-12T06:14:59.999Z 	42016.260416666424 	42.879338 	3.2027465 	13.638999938964844 	1505.699951171875 	37.90129852294922 	4.5017900466918945 	28.5089
2015-01-12T06:19:59.999Z 	42016.26388888864 	42.8715704 	3.2176907 	13.67300033569336 	1505.800048828125 	37.90610122680664 	4.507080078125 	28.5053
2015-01-12T06:24:59.999Z 	42016.26736111086 	42.8636372 	3.2328315 	13.687000274658203 	1505.9000244140625 	37.91320037841797 	4.509530067443848 	28.5077
2015-01-12T06:29:59.999Z 	42016.27083333308 	42.8556011 	3.2480697 	13.661999702453613 	1505.800048828125 	37.91590118408203 	4.507900238037109 	28.5152
2015-01-12T06:34:59.999Z 	42016.2743055553 	42.8474231 	3.2637033 	13.579999923706055 	1505.5 	37.905399322509766 	4.498030185699463 	28.5246
2015-01-12T06:39:59.999Z 	42016.27777777752 	42.8391886 	3.2796168 	13.508000373840332 	1505.300048828125 	37.90549850463867 	4.492740154266357 	28.5397
2015-01-12T06:44:59.999Z 	42016.28124999974 	42.8317112 	3.2945067 	13.532999992370605 	1505.4000244140625 	37.88520050048828 	4.479410171508789 	28.5188
2015-01-12T06:49:59.999Z 	42016.28472222196 	42.8272099 	3.3052928 	13.956999778747559 	1506.699951171875 	37.905799865722656 	4.53495979309082 	28.4441
2015-01-12T06:54:59.999Z 	42016.288194444176 	42.824983 	3.3115175 	13.99899959564209 	1506.9000244140625 	37.90930175781249 	4.542089939117432 	28.4379
2015-01-12T06:59:59.999Z 	42016.291666666395 	42.8217757 	3.3194143 	14.0649995803833 	1507.0999755859375 	37.911598205566406 	4.547989845275879 	28.4255
2015-01-12T07:04:59.999Z 	42016.295138888614 	42.8166566 	3.3309115 	14.206999778747559 	1507.5999755859375 	37.922000885009766 	4.563759803771973 	28.4026
2015-01-12T07:09:59.999Z 	42016.29861111083 	42.8105389 	3.3435567 	14.331000328063965 	1508.0 	37.93429946899414 	4.577600002288818 	28.385
2015-01-12T07:14:59.999Z 	42016.30208333305 	42.8038721 	3.3563178 	14.35099983215332 	1508.0 	37.93560028076172 	4.581270217895508 	28.3818
2015-01-12T07:19:59.999Z 	42016.30555555527 	42.7973779 	3.3693541 	14.279999732971191 	1507.800048828125 	37.9359016418457 	4.577199935913086 	28.3975
2015-01-12T07:24:59.999Z 	42016.30902777749 	42.7907194 	3.3823283 	14.161999702453613 	1507.4000244140625 	37.91999816894531 	4.560910224914551 	28.4108
2015-01-12T07:29:59.999Z 	42016.31249999971 	42.7842639 	3.3951063 	14.177000045776367 	1507.5 	37.92559814453125 	4.563049793243408 	28.412
2015-01-12T07:34:59.999Z 	42016.31597222193 	42.7782779 	3.4082669 	14.178000450134277 	1507.5 	37.927398681640625 	4.562950134277344 	28.413
2015-01-12T07:39:59.999Z 	42016.31944444415 	42.7725768 	3.4216467 	14.147000312805176 	1507.4000244140625 	37.928199768066406 	4.560609817504883 	28.4203
2015-01-12T07:44:59.999Z 	42016.322916666366 	42.7659646 	3.4339401 	14.121000289916992 	1507.300048828125 	37.927398681640625 	4.557449817657471 	28.4256
2015-01-12T07:49:59.999Z 	42016.326388888585 	42.759464 	3.4462486 	14.107000350952148 	1507.199951171875 	37.920501708984375 	4.554810047149658 	28.4232
2015-01-12T07:54:59.999Z 	42016.329861110804 	42.7528994 	3.4589372 	14.154000282287598 	1507.4000244140625 	37.92499923706055 	4.560200214385986 	28.4164
2015-01-12T07:59:59.999Z 	42016.33333333302 	42.7461173 	3.4718565 	14.097000122070312 	1507.199951171875 	37.925201416015625 	4.561830043792725 	28.429
2015-01-12T08:04:59.999Z 	42016.33680555524 	42.7395462 	3.4846342 	14.092000007629395 	1507.199951171875 	37.92210006713867 	4.553589820861816 	28.4276
2015-01-12T08:09:59.999Z 	42016.34027777746 	42.7334014 	3.4980526 	14.0600004196167 	1507.0999755859375 	37.920501708984375 	4.551650047302246 	28.4333
2015-01-12T08:14:59.999Z 	42016.34374999968 	42.7270661 	3.5114943 	14.01200008392334 	1506.9000244140625 	37.91999816894531 	4.546460151672363 	28.4434
2015-01-12T08:19:59.999Z 	42016.3472222219 	42.72063 	3.524999 	13.947999954223633 	1506.699951171875 	37.91709899902344 	4.5390400886535645 	28.4549
2015-01-12T08:24:59.999Z 	42016.35069444412 	42.7140888 	3.5386665 	13.892999649047852 	1506.5999755859375 	37.9208984375 	4.53495979309082 	28.4698
2015-01-12T08:29:59.999Z 	42016.35416666634 	42.7079408 	3.5525825 	13.824999809265137 	1506.300048828125 	37.92430114746094 	4.532010078430176 	28.4869
2015-01-12T08:34:59.999Z 	42016.357638888556 	42.7016575 	3.5659476 	13.79699993133545 	1506.300048828125 	37.922000885009766 	4.523469924926758 	28.491
2015-01-12T08:39:59.999Z 	42016.361111110775 	42.6952655 	3.5793358 	13.77400016784668 	1506.199951171875 	37.9192008972168 	4.521629810333252 	28.4939
2015-01-12T08:44:59.999Z 	42016.364583332994 	42.6888083 	3.5928294000000003 	13.751999855041504 	1506.0999755859375 	37.917598724365234 	4.518889904022217 	28.4973
2015-01-12T08:49:59.999Z 	42016.36805555521 	42.6823657 	3.6064529 	13.802000045776367 	1506.300048828125 	37.916900634765625 	4.516749858856201 	28.4861
2015-01-12T08:54:59.999Z 	42016.37152777743 	42.6759298 	3.6207086 	13.954999923706055 	1506.800048828125 	37.9286003112793 	4.540259838104248 	28.4622
2015-01-12T08:59:59.999Z 	42016.37499999965 	42.6693664 	3.6351143999999995 	14.265999794006348 	1507.800048828125 	37.93069839477539 	4.556839942932129 	28.3963
2015-01-12T09:04:59.999Z 	42016.37847222187 	42.6628033 	3.6491276 	14.5 	1508.5 	37.94200134277344 	4.597249984741211 	28.3539
2015-01-12T09:09:59.999Z 	42016.38194444409 	42.6559823 	3.661828 	14.67199993133545 	1509.0999755859375 	37.953399658203125 	4.616179943084717 	28.3246
2015-01-12T09:14:59.999Z 	42016.38541666631 	42.649453 	3.6742129000000006 	14.75100040435791 	1509.300048828125 	37.967899322509766 	4.625639915466309 	28.3181
2015-01-12T09:19:59.999Z 	42016.38888888853 	42.6434007 	3.6873364999999994 	14.779999732971191 	1509.4000244140625 	37.97489929199219 	4.630630016326904 	28.317
2015-01-12T09:24:59.999Z 	42016.392361110746 	42.6372726 	3.7004533 	14.807999610900879 	1509.5 	37.97809982299805 	4.633689880371094 	28.3134
2015-01-12T09:29:59.999Z 	42016.395833332965 	42.6311951 	3.7136717999999997 	14.791000366210938 	1509.5 	37.98210144042969 	4.633689880371094 	28.3202
2015-01-12T09:34:59.999Z 	42016.399305555184 	42.6250285 	3.72685 	14.743000030517578 	1509.300048828125 	37.97439956665039 	4.628900051116943 	28.3251
2015-01-12T09:39:59.999Z 	42016.4027777774 	42.6186973 	3.7398779 	14.675999641418457 	1509.0999755859375 	37.96599960327149 	4.621779918670654 	28.3335
2015-01-12T09:44:59.999Z 	42016.40624999962 	42.6125647 	3.7528451 	14.644000053405762 	1509.0 	37.954200744628906 	4.615970134735107 	28.3313
2015-01-12T09:49:59.999Z 	42016.40972222184 	42.6065065 	3.7660105 	14.604999542236328 	1508.9000244140625 	37.94559860229492 	4.610579967498779 	28.3334
2015-01-12T09:54:59.999Z 	42016.41319444406 	42.6003342 	3.7793012 	14.505000114440918 	1508.5 	37.927398681640625 	4.5981597900390625 	28.3415
2015-01-12T09:59:59.999Z 	42016.41666666628 	42.5945023 	3.7923093000000003 	14.506999969482422 	1508.5 	37.934200286865234 	4.59867000579834 	28.3463
2015-01-12T10:04:59.999Z 	42016.4201388885 	42.5886491 	3.8054555000000003 	14.42199993133545 	1508.199951171875 	37.87620162963867 	4.583509922027588 	28.3202
2015-01-12T10:09:59.999Z 	42016.42361111072 	42.5826232 	3.8182933000000006 	14.472000122070312 	1508.300048828125 	37.86130142211914 	4.586860179901123 	28.2976
2015-01-12T10:14:59.999Z 	42016.427083332936 	42.576606 	3.8310720000000003 	14.46399974822998 	1508.300048828125 	37.86989974975586 	4.588089942932129 	28.3061
2015-01-12T10:19:59.999Z 	42016.430555555155 	42.5703308 	3.8441762 	14.404999732971191 	1508.0999755859375 	37.87639999389649 	4.583809852600098 	28.3239
2015-01-12T10:24:59.999Z 	42016.43402777737 	42.5642877 	3.8571906000000005 	14.520999908447266 	1508.5 	37.89649963378906 	4.595409870147705 	28.314
2015-01-12T10:29:59.999Z 	42016.43749999959 	42.5581194 	3.8699652000000007 	14.51099967956543 	1508.5 	37.88079833984375 	4.594289779663086 	28.304
2015-01-12T10:34:59.999Z 	42016.44097222181 	42.5515977 	3.8828527999999998 	14.505000114440918 	1508.5 	37.876800537109375 	4.592770099639893 	28.3022
2015-01-12T10:39:59.999Z 	42016.44444444403 	42.5452157 	3.8958803 	14.531000137329102 	1508.5999755859375 	37.88439941406249 	4.596739768981934 	28.3025
2015-01-12T10:44:59.999Z 	42016.44791666625 	42.5389122 	3.909099 	14.531999588012695 	1508.5999755859375 	37.88090133666992 	4.596429824829102 	28.2995
2015-01-12T10:49:59.999Z 	42016.45138888847 	42.5325693 	3.922922 	14.538000106811523 	1508.5999755859375 	37.88359832763672 	4.596940040588379 	28.3003
2015-01-12T10:54:59.999Z 	42016.45486111069 	42.5263225 	3.9361302 	14.5600004196167 	1508.699951171875 	37.902801513671875 	4.600910186767578 	28.3104
2015-01-12T10:59:59.999Z 	42016.45833333291 	42.5199174 	3.9495177000000004 	14.592000007629395 	1508.800048828125 	37.950298309326165 	4.61007022857666 	28.34
2015-01-12T11:04:59.999Z 	42016.461805555125 	42.5137859 	3.962863 	14.842000007629395 	1509.699951171875 	38.00279998779297 	4.635930061340332 	28.3249
2015-01-12T11:09:59.999Z 	42016.465277777344 	42.5080883 	3.9758623 	15.0 	1510.199951171875 	38.02410125732422 	4.6586198806762695 	28.3057
2015-01-12T11:14:59.999Z 	42016.46874999956 	42.5022348 	3.988888 	15.055999755859375 	1510.4000244140625 	38.02439880371094 	4.673180103302002 	28.2935
2015-01-12T11:19:59.999Z 	42016.47222222178 	42.4964122 	4.0017265 	15.064000129699707 	1510.300048828125 	37.91510009765625 	4.65526008605957 	28.2072
2015-01-12T11:24:59.999Z 	42016.475694444 	42.490431 	4.0145993 	14.977999687194824 	1509.9000244140625 	37.841899871826165 	4.63847017288208 	28.17
2015-01-12T11:29:59.999Z 	42016.47916666622 	42.4842037 	4.0276559 	14.975000381469727 	1509.9000244140625 	37.8213005065918 	4.635409832000732 	28.1549
2015-01-12T11:34:59.999Z 	42016.48263888844 	42.477983 	4.0403127 	14.97700023651123 	1509.9000244140625 	37.807498931884766 	4.6339898109436035 	28.1437
2015-01-12T11:39:59.999Z 	42016.48611111066 	42.4718173 	4.052661 	14.961000442504883 	1509.800048828125 	37.77579879760742 	4.6300201416015625 	28.1228
2015-01-12T11:44:59.999Z 	42016.48958333288 	42.4655008 	4.0649311 	14.946999549865723 	1509.699951171875 	37.73860168457031 	4.624720096588135 	28.0972
2015-01-12T11:49:59.999Z 	42016.493055555096 	42.459341 	4.0770332 	14.927000045776367 	1509.5999755859375 	37.695499420166016 	4.617700099945068 	28.0685
2015-01-12T11:54:59.999Z 	42016.496527777315 	42.4532323 	4.0893358 	14.932000160217285 	1509.5999755859375 	37.686500549316406 	4.616069793701172 	28.0603
2015-01-12T11:59:59.999Z 	42016.499999999534 	42.4471606 	4.1019667 	14.932999610900879 	1509.5999755859375 	37.68870162963867 	4.616889953613281 	28.0619
2015-01-12T12:04:59.999Z 	42016.50347222175 	42.4414961 	4.1147461 	14.954000473022461 	1509.699951171875 	37.70980072021484 	4.621870040893555 	28.0734
2015-01-12T12:09:59.999Z 	42016.50694444397 	42.4357268 	4.1275801 	14.96500015258789 	1509.699951171875 	37.73640060424805 	4.625639915466309 	28.0915
2015-01-12T12:14:59.999Z 	42016.51041666619 	42.429877 	4.1406272 	14.958000183105469 	1509.800048828125 	37.76490020751953 	4.628389835357666 	28.1151
2015-01-12T12:19:59.999Z 	42016.51388888841 	42.4241557 	4.1536257 	14.928000450134277 	1509.699951171875 	37.79800033569336 	4.628590106964111 	28.1474
2015-01-12T12:24:59.999Z 	42016.51736111063 	42.4182769 	4.1665809 	14.881999969482422 	1509.5999755859375 	37.861698150634766 	4.632259845733643 	28.207
2015-01-12T12:29:59.999Z 	42016.52083333285 	42.4122022 	4.1794078 	14.845000267028809 	1509.5999755859375 	37.90620040893555 	4.631849765777588 	28.2496
2015-01-12T12:34:59.999Z 	42016.52430555507 	42.4059935 	4.1920188 	14.805999755859375 	1509.5 	37.97610092163086 	4.636539936065674 	28.3122
2015-01-12T12:39:59.999Z 	42016.527777777286 	42.4001602 	4.2046729 	14.751999855041504 	1509.5 	38.088600158691406 	4.643050193786621 	28.4112
2015-01-12T12:44:59.999Z 	42016.531249999505 	42.3946647 	4.2175761 	14.758000373840332 	1509.5 	38.08340072631836 	4.642849922180176 	28.4058
2015-01-12T12:49:59.999Z 	42016.534722221724 	42.3881271 	4.2313522 	14.75100040435791 	1509.5 	38.082298278808594 	4.642439842224121 	28.4067
2015-01-12T12:54:59.999Z 	42016.53819444394 	42.3810834 	4.245558 	14.744000434875488 	1509.5 	38.0817985534668 	4.6409101486206055 	28.4079
2015-01-12T12:59:59.999Z 	42016.54166666616 	42.3740231 	4.2594819 	14.71399974822998 	1509.4000244140625 	38.08390045166016 	4.639389991760254 	28.4162
2015-01-12T13:04:59.999Z 	42016.54513888838 	42.3671809 	4.273527 	14.680000305175781 	1509.300048828125 	38.08850097656249 	4.636740207672119 	28.4272
2015-01-12T13:09:59.999Z 	42016.5486111106 	42.3602738 	4.2875916 	14.633999824523926 	1509.0999755859375 	38.09629821777344 	4.632160186767578 	28.4435
2015-01-12T13:14:59.999Z 	42016.55208333282 	42.3533454 	4.3019529 	14.569999694824219 	1508.9000244140625 	38.10350036621094 	4.62706995010376 	28.4633
2015-01-12T13:19:59.999Z 	42016.55555555504 	42.347028 	4.3161437 	14.553999900817871 	1508.9000244140625 	38.10860061645508 	4.6248297691345215 	28.4706
2015-01-12T13:24:59.999Z 	42016.55902777726 	42.3403792 	4.3304487 	14.54699993133545 	1508.9000244140625 	38.10810089111328 	4.624120235443115 	28.4719
2015-01-12T13:29:59.999Z 	42016.562499999476 	42.3335881 	4.3448167 	14.527000427246094 	1508.800048828125 	38.112201690673835 	4.621469974517822 	28.4795
2015-01-12T13:34:59.999Z 	42016.565972221695 	42.3267419 	4.3591174 	14.503000259399414 	1508.699951171875 	38.11280059814453 	4.620659828186035 	28.4853
2015-01-12T13:39:59.999Z 	42016.569444443914 	42.3199838 	4.3731461 	14.51200008392334 	1508.800048828125 	38.11090087890625 	4.620960235595703 	28.4817
2015-01-12T13:44:59.999Z 	42016.57291666613 	42.3132141 	4.3872766 	14.49899959564209 	1508.699951171875 	38.1083984375 	4.620560169219971 	28.4827
2015-01-12T13:49:59.999Z 	42016.57638888835 	42.3064651 	4.4014945 	14.467000007629395 	1508.5999755859375 	38.11349868774414 	4.618319988250732 	28.4938
2015-01-12T13:54:59.999Z 	42016.57986111057 	42.2998475 	4.4154352 	14.47599983215332 	1508.699951171875 	38.11560058593751 	4.617809772491455 	28.4933
2015-01-12T13:59:59.999Z 	42016.58333333279 	42.2931593 	4.4296617 	14.432999610900879 	1508.5 	38.12160110473633 	4.614039897918701 	28.5075
2015-01-12T14:04:59.999Z 	42016.58680555501 	42.2863151 	4.4440665 	14.373000144958496 	1508.300048828125 	38.12820053100586 	4.608950138092041 	28.5259
2015-01-12T14:09:59.999Z 	42016.59027777723 	42.2795321 	4.4584531 	14.27400016784668 	1508.0 	38.13840103149414 	4.60122013092041 	28.5553
2015-01-12T14:14:59.999Z 	42016.59374999945 	42.272745 	4.4728735 	14.229999542236328 	1507.9000244140625 	38.143798828125 	4.596129894256592 	28.5691
2015-01-12T14:19:59.999Z 	42016.597222221666 	42.2657752 	4.4870436 	14.201000213623047 	1507.800048828125 	38.14739990234375 	4.594099998474121 	28.5782
2015-01-12T14:24:59.999Z 	42016.600694443885 	42.2589735 	4.501162 	14.168000221252441 	1507.699951171875 	38.15290069580078 	4.590640068054199 	28.5898
2015-01-12T14:29:59.999Z 	42016.604166666104 	42.2521667 	4.5153101 	14.125 	1507.5999755859375 	38.159698486328125 	4.586870193481445 	28.6043
2015-01-12T14:34:59.999Z 	42016.60763888832 	42.2450852 	4.5298335 	14.09000015258789 	1507.5 	38.16419982910156 	4.583509922027588 	28.6154
2015-01-12T14:39:59.999Z 	42016.61111111054 	42.2380869 	4.544333 	14.038999557495117 	1507.300048828125 	38.170501708984375 	4.579539775848389 	28.6315
2015-01-12T14:44:59.999Z 	42016.61458333276 	42.2313718 	4.5584892 	14.008999824523926 	1507.199951171875 	38.175201416015625 	4.576290130615234 	28.6416
2015-01-12T14:49:59.999Z 	42016.61805555498 	42.2246595 	4.5726257 	13.991999626159668 	1507.199951171875 	38.179100036621094 	4.574560165405273 	28.6482
2015-01-12T14:54:59.999Z 	42016.6215277772 	42.2179436 	4.5868697 	13.973999977111816 	1507.0999755859375 	38.18429946899414 	4.573639869689941 	28.6561
2015-01-12T14:59:59.999Z 	42016.62499999942 	42.2112822 	4.6012884 	13.949999809265137 	1507.0999755859375 	38.19060134887695 	4.571499824523926 	28.6662
2015-01-12T15:04:59.999Z 	42016.62847222164 	42.2045266 	4.615886 	13.932000160217285 	1507.0 	38.19720077514649 	4.570280075073242 	28.6752
2015-01-12T15:09:59.999Z 	42016.631944443856 	42.1975016 	4.630388 	13.907999992370605 	1506.9000244140625 	38.20320129394531 	4.568039894104004 	28.6852
2015-01-12T15:14:59.999Z 	42016.635416666075 	42.1905081 	4.6443205 	13.883000373840332 	1506.9000244140625 	38.211299896240234 	4.566619873046875 	28.6967
2015-01-12T15:19:59.999Z 	42016.638888888294 	42.1833375 	4.6587223 	13.85200023651123 	1506.800048828125 	38.217899322509766 	4.564579963684082 	28.7085
2015-01-12T15:24:59.999Z 	42016.64236111051 	42.1763107 	4.6730627 	13.82699966430664 	1506.699951171875 	38.22600173950195 	4.562849998474121 	28.7201
2015-01-12T15:29:59.999Z 	42016.64583333273 	42.1693758 	4.6876848 	13.798999786376953 	1506.5999755859375 	38.23229980468751 	4.560410022735596 	28.731
2015-01-12T15:34:59.999Z 	42016.64930555495 	42.1623377 	4.7030013 	13.774999618530273 	1506.5 	38.23080062866211 	4.556849956512451 	28.7351
2015-01-12T15:39:59.999Z 	42016.65277777717 	42.1552813 	4.7183073 	13.776000022888184 	1506.5 	38.23099899291992 	4.557759761810303 	28.7351
2015-01-12T15:44:59.999Z 	42016.65624999939 	42.1482934 	4.7333845 	13.74899959564209 	1506.5 	38.230098724365234 	4.555220127105713 	28.7402
2015-01-12T15:49:59.999Z 	42016.65972222161 	42.141581 	4.7482636 	13.907999992370605 	1506.9000244140625 	38.18199920654297 	4.564380168914795 	28.6687
2015-01-12T15:54:59.999Z 	42016.66319444383 	42.1346463 	4.7628553 	13.925000190734863 	1507.0 	38.17919921875 	4.56682014465332 	28.6629
2015-01-12T15:59:59.999Z 	42016.666666666046 	42.1272895 	4.7770918 	13.963000297546387 	1507.0999755859375 	38.17150115966797 	4.570280075073242 	28.6488
2015-01-12T16:04:59.999Z 	42016.670138888265 	42.1198804 	4.7911945 	13.958000183105469 	1507.0999755859375 	38.174598693847656 	4.570380210876465 	28.6521
2015-01-12T16:09:59.999Z 	42016.673611110484 	42.1125421 	4.8056664 	13.918999671936035 	1507.0 	38.18470001220703 	4.568649768829346 	28.6683
2015-01-12T16:14:59.999Z 	42016.6770833327 	42.1057475 	4.8209269 	13.833000183105469 	1506.699951171875 	38.20589828491211 	4.562339782714844 	28.7034
2015-01-12T16:19:59.999Z 	42016.68055555492 	42.098722 	4.8358532 	13.722000122070312 	1506.4000244140625 	38.235599517822266 	4.554100036621094 	28.7502
2015-01-12T16:24:59.999Z 	42016.68402777714 	42.0916486 	4.8507747 	13.498000144958496 	1505.699951171875 	38.28810119628906 	4.542910099029541 	28.8386
2015-01-12T16:29:59.999Z 	42016.68749999936 	42.0852386 	4.8656537 	13.279000282287598 	1505.0999755859375 	38.35369873046875 	4.519710063934326 	28.9357
2015-01-12T16:34:59.999Z 	42016.69097222158 	42.0788136 	4.879996 	13.322999954223633 	1505.199951171875 	38.36629867553711 	4.5218400955200195 	28.9362
2015-01-12T16:39:59.999Z 	42016.6944444438 	42.0723154 	4.8937624 	13.402000427246094 	1505.5 	38.34510040283203 	4.530489921569824 	28.903
2015-01-12T16:44:59.999Z 	42016.69791666602 	42.0654024 	4.9076774 	13.39799976348877 	1505.5 	38.34769821166992 	4.531209945678711 	28.9059
2015-01-12T16:49:59.999Z 	42016.701388888236 	42.0584261 	4.9215379 	13.366000175476074 	1505.4000244140625 	38.35480117797851 	4.527639865875244 	28.9181
2015-01-12T16:54:59.999Z 	42016.704861110455 	42.0517269 	4.9353512 	13.371999740600586 	1505.4000244140625 	38.35580062866211 	4.528560161590576 	28.9177
2015-01-12T16:59:59.999Z 	42016.708333332674 	42.0450634 	4.9493893 	13.371000289916992 	1505.4000244140625 	38.35179901123047 	4.527850151062012 	28.9147
2015-01-12T17:04:59.999Z 	42016.71180555489 	42.0391055 	4.9586424 	13.36400032043457 	1505.300048828125 	38.34629821777344 	4.526529788970947 	28.912
2015-01-12T17:09:59.999Z 	42016.71527777711 	42.0325809 	4.962918 	13.359999656677246 	1505.300048828125 	38.34349822998047 	4.525710105895996 	28.9107
2015-01-12T17:14:59.999Z 	42016.71874999933 	42.0254556 	4.9643812 	13.345000267028809 	1505.300048828125 	38.34199905395508 	4.524290084838867 	28.9126
2015-01-12T17:19:59.999Z 	42016.72222222155 	42.0181564 	4.9644412 	13.321999549865723 	1505.199951171875 	38.337299346923835 	4.5213398933410645 	28.9138
2015-01-12T17:24:59.999Z 	42016.72569444377 	42.0109596 	4.9642086 	13.315999984741211 	1505.199951171875 	38.33599853515625 	4.519710063934326 	28.9141
2015-01-12T17:29:59.999Z 	42016.72916666599 	42.0043403 	4.963926 	13.295000076293945 	1505.0999755859375 	38.3380012512207 	4.518280029296875 	28.9201
2015-01-12T17:34:59.999Z 	42016.73263888821 	41.9990126 	4.9637494 	13.279000282287598 	1505.0999755859375 	38.339298248291016 	4.516550064086914 	28.9245
2015-01-12T17:39:59.999Z 	42016.736111110426 	41.9950729 	4.9636371 	13.288000106811523 	1505.0999755859375 	38.3390007019043 	4.5175700187683105 	28.9223
2015-01-12T17:44:59.999Z 	42016.739583332645 	41.9906208 	4.9615381 	13.27400016784668 	1505.0999755859375 	38.34220123291016 	4.517159938812256 	28.9277
2015-01-12T17:49:59.999Z 	42016.74305555486 	41.9843795 	4.9457649 	13.229999542236328 	1504.9000244140625 	38.351898193359375 	4.514009952545166 	28.9445
2015-01-12T17:54:59.999Z 	42016.74652777708 	41.9777348 	4.9282002 	13.210000038146973 	1504.9000244140625 	38.35969924926758 	4.512579917907715 	28.9547
2015-01-12T17:59:59.999Z 	42016.7499999993 	41.9704596 	4.9108096 	13.267999649047852 	1505.0999755859375 	38.37200164794922 	4.519909858703613 	28.9521
2015-01-12T18:04:59.999Z 	42016.75347222152 	41.96329 	4.8935604 	13.274999618530273 	1505.0999755859375 	38.36650085449219 	4.518589973449707 	28.9463
2015-01-12T18:09:59.999Z 	42016.75694444374 	41.9559896 	4.8761623 	13.256999969482422 	1505.0 	38.368900299072266 	4.519000053405762 	28.952
2015-01-12T18:14:59.999Z 	42016.76041666596 	41.9485701 	4.8590101 	13.262999534606934 	1505.0999755859375 	38.3744010925293 	4.518889904022217 	28.9549
2015-01-12T18:19:59.999Z 	42016.76388888818 	41.9412333 	4.8419368 	13.288000106811523 	1505.0999755859375 	38.37200164794922 	4.519909858703613 	28.9478
2015-01-12T18:24:59.999Z 	42016.7673611104 	41.9335931 	4.8245858 	13.270000457763672 	1505.0999755859375 	38.35710144042969 	4.517980098724365 	28.9401
2015-01-12T18:29:59.999Z 	42016.770833332615 	41.9266462 	4.8072212 	13.27400016784668 	1505.0999755859375 	38.349998474121094 	4.517980098724365 	28.9339
2015-01-12T18:34:59.999Z 	42016.774305554834 	41.9255967 	4.7974727 	13.288000106811523 	1505.0999755859375 	38.349098205566406 	4.520110130310059 	28.9302
2015-01-12T18:39:59.999Z 	42016.77777777705 	41.9253298 	4.8008921 	13.282999992370605 	1505.0999755859375 	38.35200119018555 	4.518489837646484 	28.9335
2015-01-12T18:44:59.999Z 	42016.78124999927 	41.9220772 	4.7987274 	13.300000190734863 	1505.0999755859375 	38.347599029541016 	4.52092981338501 	28.9264
2015-01-12T18:49:59.999Z 	42016.78472222149 	41.9205199 	4.8020667 	13.281000137329102 	1505.0999755859375 	38.34320068359375 	4.517270088195801 	28.9272
2015-01-12T18:54:59.999Z 	42016.78819444371 	41.9205408 	4.8036255 	13.277000427246094 	1505.0999755859375 	38.34410095214844 	4.517879962921143 	28.9285
2015-01-12T18:59:59.999Z 	42016.79166666593 	41.9198376 	4.8047523 	13.284000396728516 	1505.0999755859375 	38.34239959716797 	4.518080234527588 	28.9258
2015-01-12T19:04:59.999Z 	42016.79513888815 	41.919898 	4.8042016 	13.286999702453613 	1505.0999755859375 	38.341400146484375 	4.518489837646484 	28.9244
2015-01-12T19:09:59.999Z 	42016.79861111037 	41.9195302 	4.803452 	13.288999557495117 	1505.0999755859375 	38.3400993347168 	4.518280029296875 	28.9229
2015-01-12T19:14:59.999Z 	42016.802083332586 	41.919551 	4.8034584 	13.295999526977539 	1505.0999755859375 	38.34149932861328 	4.519100189208984 	28.9226
2015-01-12T19:19:59.999Z 	42016.805555554805 	41.9187048 	4.8038684 	13.300999641418457 	1505.0999755859375 	38.341899871826165 	4.519810199737549 	28.9218
2015-01-12T19:24:59.999Z 	42016.809027777024 	41.918437 	4.8050019 	13.307000160217285 	1505.199951171875 	38.34149932861328 	4.520219802856445 	28.9203
2015-01-12T19:29:59.999Z 	42016.81249999924 	41.9179483 	4.8052019 	13.303000450134277 	1505.0999755859375 	38.340599060058594 	4.520110130310059 	28.9204
2015-01-12T19:34:59.999Z 	42016.81597222146 	41.9173395 	4.8049756 	13.295999526977539 	1505.0999755859375 	38.34080123901367 	4.519100189208984 	28.9221
2015-01-12T19:39:59.999Z 	42016.81944444368 	41.9168677 	4.8047897 	13.295000076293945 	1505.0999755859375 	38.34080123901367 	4.519100189208984 	28.9223
2015-01-12T19:44:59.999Z 	42016.8229166659 	41.9165121 	4.8046073 	13.295000076293945 	1505.0999755859375 	38.340301513671875 	4.518889904022217 	28.9219
2015-01-12T19:49:59.999Z 	42016.82638888812 	41.9160335 	4.8045212 	13.29699993133545 	1505.0999755859375 	38.3390998840332 	4.519000053405762 	28.9205
2015-01-12T19:54:59.999Z 	42016.82986111034 	41.9155748 	4.8043038 	13.295999526977539 	1505.0999755859375 	38.33850097656249 	4.5192999839782715 	28.9202
2015-01-12T19:59:59.999Z 	42016.83333333256 	41.9150195 	4.8040241 	13.298999786376953 	1505.0999755859375 	38.337799072265625 	4.5192999839782715 	28.9191
2015-01-12T20:04:59.999Z 	42016.836805554776 	41.9144224 	4.8038691 	13.300000190734863 	1505.0999755859375 	38.33760070800781 	4.519499778747559 	28.9187
2015-01-12T20:09:59.999Z 	42016.840277776995 	41.9137229 	4.8036326 	13.298999786376953 	1505.0999755859375 	38.33720016479492 	4.519100189208984 	28.9187
2015-01-12T20:14:59.999Z 	42016.843749999214 	41.9130026 	4.8034544 	13.302000045776367 	1505.0999755859375 	38.33760070800781 	4.519810199737549 	28.9183
2015-01-12T20:19:59.999Z 	42016.84722222143 	41.9122481 	4.8032986 	13.298999786376953 	1505.0999755859375 	38.337799072265625 	4.5196099281311035 	28.9191
2015-01-12T20:24:59.999Z 	42016.85069444365 	41.9114377 	4.8030978 	13.300000190734863 	1505.0999755859375 	38.337100982666016 	4.5196099281311035 	28.9184
2015-01-12T20:29:59.999Z 	42016.85416666587 	41.9106379 	4.8028447 	13.305999755859375 	1505.0999755859375 	38.33599853515625 	4.520009994506836 	28.9162
2015-01-12T20:34:59.999Z 	42016.85763888809 	41.9098359 	4.8027403 	13.305999755859375 	1505.0999755859375 	38.335899353027344 	4.520219802856445 	28.9162
2015-01-12T20:39:59.999Z 	42016.86111111031 	41.9091313 	4.8025949 	13.305999755859375 	1505.0999755859375 	38.33269882202149 	4.519810199737549 	28.9137
2015-01-12T20:44:59.999Z 	42016.86458333253 	41.9084413 	4.8024288 	13.298999786376953 	1505.0999755859375 	38.33269882202149 	4.519000053405762 	28.9152
2015-01-12T20:49:59.999Z 	42016.86805555475 	41.9078318 	4.8023604 	13.29800033569336 	1505.0999755859375 	38.33250045776367 	4.519199848175049 	28.9152
2015-01-12T20:54:59.999Z 	42016.871527776966 	41.9071516 	4.8020553 	13.298999786376953 	1505.0999755859375 	38.32889938354492 	4.518589973449707 	28.9121
2015-01-12T20:59:59.999Z 	42016.874999999185 	41.9066546 	4.8020126 	13.298999786376953 	1505.0999755859375 	38.33039855957031 	4.519199848175049 	28.9133
2015-01-12T21:04:59.999Z 	42016.878472221404 	41.9062692 	4.8017838 	13.300999641418457 	1505.0999755859375 	38.327999114990234 	4.518789768218994 	28.911
2015-01-12T21:09:59.999Z 	42016.88194444362 	41.9057361 	4.8014585 	13.300999641418457 	1505.0999755859375 	38.32440185546875 	4.518789768218994 	28.9083
2015-01-12T21:14:59.999Z 	42016.88541666584 	41.9048173 	4.8011485 	13.302000045776367 	1505.0999755859375 	38.325801849365234 	4.518489837646484 	28.9092
2015-01-12T21:19:59.999Z 	42016.88888888806 	41.9040396 	4.8010292 	13.300000190734863 	1505.0999755859375 	38.32429885864258 	4.518489837646484 	28.9084
2015-01-12T21:24:59.999Z 	42016.89236111028 	41.9031287 	4.8007891 	13.293999671936035 	1505.0999755859375 	38.32279968261719 	4.517879962921143 	28.9084
2015-01-12T21:29:59.999Z 	42016.8958333325 	41.9019741 	4.800297 	13.29699993133545 	1505.0999755859375 	38.323001861572266 	4.517980098724365 	28.9082
2015-01-12T21:34:59.999Z 	42016.89930555472 	41.9005242 	4.7999167 	13.295000076293945 	1505.0999755859375 	38.321998596191406 	4.5175700187683105 	28.9078
2015-01-12T21:39:59.999Z 	42016.90277777694 	41.8995311 	4.7998055 	13.293000221252441 	1505.0999755859375 	38.320701599121094 	4.517059803009033 	28.9071
2015-01-12T21:44:59.999Z 	42016.906249999156 	41.8984663 	4.7989656 	13.293999671936035 	1505.0999755859375 	38.32220077514649 	4.517370223999023 	28.908
2015-01-12T21:49:59.999Z 	42016.909722221375 	41.8977151 	4.8001161 	13.295999526977539 	1505.0999755859375 	38.31949996948242 	4.517980098724365 	28.9056
2015-01-12T21:54:59.999Z 	42016.913194443594 	41.897748 	4.8000385 	13.295000076293945 	1505.0999755859375 	38.31840133666992 	4.517270088195801 	28.905
2015-01-12T21:59:59.999Z 	42016.91666666581 	41.8977398 	4.8000416 	13.293999671936035 	1505.0999755859375 	38.321998596191406 	4.5175700187683105 	28.9079
2015-01-12T22:04:59.999Z 	42016.92013888803 	41.8977303 	4.8000596 	13.288000106811523 	1505.0999755859375 	38.32109832763672 	4.516650199890137 	28.9085
2015-01-12T22:09:59.999Z 	42016.92361111025 	41.8977467 	4.8000315 	13.286999702453613 	1505.0999755859375 	38.31890106201172 	4.516650199890137 	28.907
2015-01-12T22:14:59.999Z 	42016.92708333247 	41.897744 	4.8000361 	13.284000396728516 	1505.0999755859375 	38.323001861572266 	4.516860008239746 	28.9108
2015-01-12T22:19:59.999Z 	42016.93055555469 	41.8977311 	4.8000571 	13.281999588012695 	1505.0 	38.320499420166016 	4.516149997711182 	28.9092
2015-01-12T22:24:59.999Z 	42016.93402777691 	41.8977402 	4.8000646 	13.284000396728516 	1505.0999755859375 	38.3213005065918 	4.516449928283691 	28.9093
2015-01-12T22:29:59.999Z 	42016.93749999913 	41.8977442 	4.8000618 	13.284000396728516 	1505.0999755859375 	38.32160186767578 	4.516039848327637 	28.9097
2015-01-12T22:34:59.999Z 	42016.940972221346 	41.8977275 	4.8000526 	13.284000396728516 	1505.0999755859375 	38.317100524902344 	4.515940189361572 	28.9061
2015-01-12T22:39:59.999Z 	42016.944444443565 	41.8977379 	4.8000459 	13.289999961853027 	1505.0999755859375 	38.314800262451165 	4.516149997711182 	28.9031
2015-01-12T22:44:59.999Z 	42016.947916665784 	41.8977465 	4.8000485 	13.288999557495117 	1505.0999755859375 	38.31529998779297 	4.516349792480469 	28.9038
2015-01-12T22:49:59.999Z 	42016.951388888 	41.8977334 	4.80003 	13.295999526977539 	1505.0999755859375 	38.31209945678711 	4.517879962921143 	28.8999
2015-01-12T22:54:59.999Z 	42016.95486111022 	41.8977485 	4.8000497 	13.295999526977539 	1505.0999755859375 	38.31629943847656 	4.516449928283691 	28.903
2015-01-12T22:59:59.999Z 	42016.95833333244 	41.8977311 	4.8000465 	13.293999671936035 	1505.0999755859375 	38.31510162353516 	4.516250133514404 	28.9024
2015-01-12T23:04:59.999Z 	42016.96180555466 	41.8977291 	4.8000578 	13.29800033569336 	1505.0999755859375 	38.31169891357422 	4.518789768218994 	28.8991
2015-01-12T23:09:59.999Z 	42016.96527777688 	41.8977293 	4.80002 	13.293999671936035 	1505.0999755859375 	38.312801361083984 	4.516759872436523 	28.9008
2015-01-12T23:14:59.999Z 	42016.9687499991 	41.8977274 	4.8000509 	13.29699993133545 	1505.0999755859375 	38.31110000610351 	4.516349792480469 	28.8988
2015-01-12T23:19:59.999Z 	42016.97222222132 	41.8977275 	4.8000389 	13.29800033569336 	1505.0999755859375 	38.30989837646484 	4.516449928283691 	28.8976
2015-01-12T23:24:59.999Z 	42016.975694443536 	41.8977242 	4.8000643 	13.329999923706055 	1505.199951171875 	38.3120002746582 	4.518080234527588 	28.8926
2015-01-12T23:29:59.999Z 	42016.979166665755 	41.8977392 	4.8000619 	13.317000389099121 	1505.199951171875 	38.31129837036133 	4.518380165100098 	28.8949
2015-01-12T23:34:59.999Z 	42016.982638887974 	41.8977334 	4.8000441 	13.305999755859375 	1505.0999755859375 	38.31079864501953 	4.518179893493652 	28.8967
2015-01-12T23:39:59.999Z 	42016.98611111019 	41.8975214 	4.7999085 	13.305000305175781 	1505.0999755859375 	38.3109016418457 	4.517670154571533 	28.897
2015-01-12T23:44:59.999Z 	42016.98958333241 	41.8991297 	4.7981588 	13.305999755859375 	1505.0999755859375 	38.31230163574219 	4.517670154571533 	28.8978
2015-01-12T23:49:59.999Z 	42016.99305555463 	41.9006767 	4.7984826 	13.307000160217285 	1505.0999755859375 	38.30970001220703 	4.517469882965088 	28.8956
2015-01-12T23:54:59.999Z 	42016.99652777685 	41.9037696 	4.794331 	13.303000450134277 	1505.0999755859375 	38.31079864501953 	4.517370223999023 	28.8972
2015-01-12T23:59:59.999Z 	42016.99999999907 	41.9112295 	4.7844211 	13.307999610900879 	1505.0999755859375 	38.310298919677734 	4.517980098724365 	28.8958
2015-01-13T00:04:59.999Z 	42017.00347222129 	41.9200405 	4.7734261 					
