time 	latitude 	longitude 	water temperature 	water sound speed 	water salinity 	water conductivity 	anomaly of water mass density
2015-01-15T00:00:00.000Z 	42019.0 	42.0000284 	4.6215836 	14.27299976348877 	1506.800048828125 	38.177398681640625 	4.5607099533081055 	28.6755
2015-01-15T00:04:59.999Z 	42019.00347222222 	42.0000279 	4.6215866 	14.265999794006348 	1506.800048828125 	38.1786003112793 	4.560100078582764 	28.6767
2015-01-15T00:09:59.999Z 	42019.00694444444 	42.0000246 	4.6215961 	14.267999649047852 	1506.699951171875 	38.178199768066406 	4.560210227966309 	28.6765
2015-01-15T00:14:59.999Z 	42019.01041666666 	42.0002402 	4.6207642 	14.267999649047852 	1506.699951171875 	38.17839813232422 	4.560309886932373 	28.6777
2015-01-15T00:19:59.999Z 	42019.013888888876 	42.0066315 	4.6154242 	14.276000022888184 	1506.800048828125 	38.17649841308594 	4.560919761657715 	28.6742
2015-01-15T00:24:59.999Z 	42019.017361111095 	42.0166588 	4.6049856 	14.272000312805176 	1506.699951171875 	38.17779922485351 	4.560609817504883 	28.6765
2015-01-15T00:29:59.999Z 	42019.020833333314 	42.0226849 	4.5998692 	14.260000228881836 	1506.699951171875 	38.179100036621094 	4.559490203857422 	28.6803
2015-01-15T00:34:59.999Z 	42019.02430555553 	42.0263737 	4.59848 	14.402999877929688 	1465.699951171875 	0.6941999793052673 	0.10982900112867355 	-0.314635
2015-01-15T00:39:59.999Z 	42019.02777777775 	42.0316547 	4.5950408 	15.458000183105469 	1504.5 	36.15950012207031 	4.464930057525635 	27.1085
2015-01-15T00:44:59.999Z 	42019.03124999997 	42.0416365 	4.5893979 	14.368000030517578 	1506.5 	38.19179916381836 	4.57220983505249 	28.7073
2015-01-15T00:49:59.999Z 	42019.03472222219 	42.0524708 	4.5839078 	14.274999618530273 	1506.300048828125 	38.19900131225586 	4.563159942626953 	28.7256
2015-01-15T00:54:59.999Z 	42019.03819444441 	42.0633979 	4.5782283 	14.121999740600586 	1505.800048828125 	38.210201263427734 	4.548299789428711 	28.7637
2015-01-15T00:59:59.999Z 	42019.04166666663 	42.073794 	4.5724533 	13.99899959564209 	1505.5 	38.2577018737793 	4.540359973907471 	28.8274
2015-01-15T01:04:59.999Z 	42019.04513888885 	42.0854401 	4.5666115 	14.213000297546387 	1506.300048828125 	38.200801849365234 	4.556849956512451 	28.7247
2015-01-15T01:09:59.999Z 	42019.048611111066 	42.09733 	4.56063 	14.347999572753906 	1506.699951171875 	38.181499481201165 	4.5690598487854 	28.6846
2015-01-15T01:14:59.999Z 	42019.052083333285 	42.1091803 	4.5543712 	14.454999923706055 	1507.0 	38.16630172729492 	4.57873010635376 	28.651
2015-01-15T01:19:59.999Z 	42019.055555555504 	42.1211815 	4.5482845 	14.493000030517578 	1507.0999755859375 	38.16170120239258 	4.582290172576904 	28.6403
2015-01-15T01:24:59.999Z 	42019.05902777772 	42.1330157 	4.5423371 	14.52299976348877 	1506.5999755859375 	37.61859893798828 	4.5272297859191895 	28.2122
2015-01-15T01:29:59.999Z 	42019.06249999994 	42.1448416 	4.536344 	14.5600004196167 	1507.300048828125 	38.131500244140625 	4.586050033569336 	28.6012
2015-01-15T01:34:59.999Z 	42019.06597222216 	42.1568227 	4.5300648 	14.593999862670898 	1506.9000244140625 	37.71369934082031 	4.5449299812316895 	28.2694
2015-01-15T01:39:59.999Z 	42019.06944444438 	42.168623 	4.5240409 	14.621999740600586 	1507.199951171875 	37.86669921875 	4.56427001953125 	28.3804
2015-01-15T01:44:59.999Z 	42019.0729166666 	42.1802866 	4.5176393 	14.701000213623047 	1507.199951171875 	37.645999908447266 	4.548799991607666 	28.1928
2015-01-15T01:49:59.999Z 	42019.07638888882 	42.1920626 	4.5111945 	14.774999618530273 	1507.5 	37.705101013183594 	4.562950134277344 	28.2235
2015-01-15T01:54:59.999Z 	42019.07986111104 	42.2037682 	4.5049197 	14.786999702453613 	1507.699951171875 	37.84349822998047 	4.5790300369262695 	28.3288
2015-01-15T01:59:59.999Z 	42019.083333333256 	42.2153719 	4.4987437 	14.784000396728516 	1507.5999755859375 	37.79240036010742 	4.573229789733887 	28.2883
2015-01-15T02:04:59.999Z 	42019.086805555475 	42.2270614 	4.4926633 	14.779999732971191 	1507.5999755859375 	37.82659912109375 	4.576479911804199 	28.3162
2015-01-15T02:09:59.999Z 	42019.090277777694 	42.2388417 	4.4865623 	14.767999649047852 	1507.699951171875 	37.8734016418457 	4.580349922180176 	28.354
2015-01-15T02:14:59.999Z 	42019.09374999991 	42.2504766 	4.480549 	14.751999855041504 	1507.5999755859375 	37.88970184326172 	4.580349922180176 	28.3706
2015-01-15T02:19:59.999Z 	42019.09722222213 	42.2621436 	4.4744407 	14.732000350952148 	1507.5999755859375 	37.9369010925293 	4.5833001136779785 	28.4103
2015-01-15T02:24:59.999Z 	42019.10069444435 	42.2738213 	4.4682659 	14.75 	1507.699951171875 	37.95800018310547 	4.587480068206787 	28.4215
2015-01-15T02:29:59.999Z 	42019.10416666657 	42.2852507 	4.4621081 	14.76099967956543 	1507.800048828125 	38.002899169921875 	4.593480110168457 	28.4539
2015-01-15T02:34:59.999Z 	42019.10763888879 	42.2969475 	4.4558629 	14.75 	1507.800048828125 	38.00809860229492 	4.592870235443115 	28.4625
2015-01-15T02:39:59.999Z 	42019.11111111101 	42.3084447 	4.4494615 	14.692999839782715 	1507.699951171875 	38.03689956665039 	4.590020179748535 	28.4938
2015-01-15T02:44:59.999Z 	42019.11458333323 	42.3199022 	4.4435799 	14.73799991607666 	1507.800048828125 	38.046199798583984 	4.595719814300537 	28.4905
2015-01-15T02:49:59.999Z 	42019.118055555446 	42.3313569 	4.4374306 	14.779999732971191 	1507.9000244140625 	38.06110000610351 	4.601729869842529 	28.4977
2015-01-15T02:54:59.999Z 	42019.121527777665 	42.3430055 	4.4311903 	14.696999549865723 	1507.699951171875 	38.09410095214844 	4.5965399742126465 	28.541
2015-01-15T02:59:59.999Z 	42019.12499999988 	42.3544279 	4.4248327 	14.666999816894531 	1507.5999755859375 	38.112201690673835 	4.595320224761963 	28.5598
2015-01-15T03:04:59.999Z 	42019.1284722221 	42.3661435 	4.4188461 	14.664999961853027 	1507.699951171875 	38.13029861450195 	4.597050189971924 	28.5748
2015-01-15T03:09:59.999Z 	42019.13194444432 	42.3777817 	4.4127804 	14.652000427246094 	1507.699951171875 	38.139801025390625 	4.596739768981934 	28.5826
2015-01-15T03:14:59.999Z 	42019.13541666654 	42.3893271 	4.4067576 	15.47700023651123 	1504.0999755859375 	35.029998779296875 	4.342040061950684 	26.1689
2015-01-15T03:19:59.999Z 	42019.13888888876 	42.400901 	4.4006894 	14.833999633789062 	1506.699951171875 	37.301700592041016 	4.525489807128906 	27.9315
2015-01-15T03:24:59.999Z 	42019.14236111098 	42.4125909 	4.3943459 	14.831000328063965 	1506.699951171875 	37.26580047607422 	4.52131986618042 	27.9024
2015-01-15T03:29:59.999Z 	42019.1458333332 	42.4241953 	4.3879121 	14.836000442504883 	1506.9000244140625 	37.4380989074707 	4.540450096130371 	28.0331
2015-01-15T03:34:59.999Z 	42019.14930555542 	42.4358073 	4.3819142 	14.890999794006348 	1506.9000244140625 	37.21260070800781 	4.521830081939697 	27.8449
2015-01-15T03:39:59.999Z 	42019.152777777635 	42.4476305 	4.3762055 	14.920999526977539 	1507.0999755859375 	37.40370178222656 	4.545539855957031 	27.9937
2015-01-15T03:44:59.999Z 	42019.156249999854 	42.4593027 	4.3701168 	14.914999961853027 	1507.199951171875 	37.485198974609375 	4.5537800788879395 	28.0534
2015-01-15T03:49:59.999Z 	42019.15972222207 	42.4708989 	4.3642739 	14.961000442504883 	1507.4000244140625 	37.48830032348633 	4.558969974517822 	28.0452
2015-01-15T03:54:59.999Z 	42019.16319444429 	42.4825386 	4.3583155 	14.984999656677246 	1507.5999755859375 	37.50979995727539 	4.563759803771973 	28.048
2015-01-15T03:59:59.999Z 	42019.16666666651 	42.4940943 	4.3523022 	15.182000160217285 	1508.199951171875 	37.52119827270508 	4.585539817810059 	28.0163
2015-01-15T04:04:59.999Z 	42019.17013888873 	42.5053218 	4.3464622 	15.324000358581543 	1508.5999755859375 	37.46810150146484 	4.594699859619141 	27.9447
2015-01-15T04:09:59.999Z 	42019.17361111095 	42.5167194 	4.3405538 	15.446000099182129 	1509.0999755859375 	37.6255989074707 	4.624619960784912 	28.041
2015-01-15T04:14:59.999Z 	42019.17708333317 	42.5279943 	4.3347627 	15.475000381469727 	1509.199951171875 	37.67409896850586 	4.632969856262207 	28.0775
2015-01-15T04:19:59.999Z 	42019.18055555539 	42.5393243 	4.3289552 	15.473999977111816 	1509.0 	37.51959991455078 	4.615970134735107 	27.9588
2015-01-15T04:24:59.999Z 	42019.18402777761 	42.5505828 	4.3230599 	15.48799991607666 	1509.300048828125 	37.73780059814453 	4.64132022857666 	28.1224
2015-01-15T04:29:59.999Z 	42019.187499999825 	42.562078 	4.3168642 	15.517999649047852 	1509.300048828125 	37.64649963378906 	4.634490013122559 	28.0452
2015-01-15T04:34:59.999Z 	42019.190972222044 	42.5736813 	4.3108891 	15.543000221252441 	1509.5999755859375 	37.825199127197266 	4.6566901206970215 	28.1781
2015-01-15T04:39:59.999Z 	42019.19444444426 	42.5848809 	4.3049407 	15.553000450134277 	1509.5 	37.76319885253906 	4.650990009307861 	28.1293
2015-01-15T04:44:59.999Z 	42019.19791666648 	42.5962936 	4.2989173 	15.574999809265137 	1509.5999755859375 	37.747699737548835 	4.651599884033203 	28.1116
2015-01-15T04:49:59.999Z 	42019.2013888887 	42.6075397 	4.2929772 	15.593000411987305 	1509.699951171875 	37.8213996887207 	4.661570072174072 	28.1653
2015-01-15T04:54:59.999Z 	42019.20486111092 	42.6187916 	4.2869724 	15.59000015258789 	1510.0 	38.0525016784668 	4.686620235443115 	28.3473
2015-01-15T04:59:59.999Z 	42019.20833333314 	42.630341 	4.2809028 	15.581000328063965 	1509.9000244140625 	38.051898956298835 	4.6855998039245605 	28.3482
2015-01-15T05:04:59.999Z 	42019.21180555536 	42.6420376 	4.2747868 	15.593000411987305 	1510.0 	38.05270004272461 	4.686930179595947 	28.345
2015-01-15T05:09:59.999Z 	42019.21527777758 	42.6533776 	4.2687746 	15.583000183105469 	1509.9000244140625 	38.054500579833984 	4.686110019683838 	28.3511
2015-01-15T05:14:59.999Z 	42019.218749999796 	42.6649308 	4.2627184 	15.58899974822998 	1510.0 	38.05229949951172 	4.686520099639893 	28.344
2015-01-15T05:19:59.999Z 	42019.222222222015 	42.6764255 	4.2569168 	15.612000465393066 	1510.0 	38.049800872802734 	4.688660144805908 	28.341
2015-01-15T05:24:59.999Z 	42019.225694444234 	42.6877651 	4.2507106 	15.60200023651123 	1510.0 	38.05080032348633 	4.687739849090576 	28.3419
2015-01-15T05:29:59.999Z 	42019.22916666645 	42.6993036 	4.2450206 	15.508999824523926 	1509.4000244140625 	37.96929931640625 	4.668910026550293 	28.3136
2015-01-15T05:34:59.999Z 	42019.23263888867 	42.7107827 	4.2391289 	15.378000259399414 	1508.9000244140625 	37.81629943847656 	4.638370037078857 	28.2186
2015-01-15T05:39:59.999Z 	42019.23611111089 	42.7201638 	4.2343921 	15.39900016784668 	1509.199951171875 	37.86259841918945 	4.645589828491211 	28.2414
2015-01-15T05:44:59.999Z 	42019.23958333311 	42.7283225 	4.2304007 	15.381999969482422 	1509.0 	37.80860137939453 	4.637959957122803 	28.2091
2015-01-15T05:49:59.999Z 	42019.24305555533 	42.7363995 	4.2264311 	15.357999801635742 	1508.800048828125 	37.743999481201165 	4.628290176391602 	28.1616
2015-01-15T05:54:59.999Z 	42019.24652777755 	42.7447163 	4.2224754 	15.331000328063965 	1508.699951171875 	37.67409896850586 	4.6178998947143555 	28.112
2015-01-15T05:59:59.999Z 	42019.24999999977 	42.752576 	4.2175604 	15.314000129699707 	1508.5999755859375 	37.61050033569336 	4.609149932861328 	28.0668
2015-01-15T06:04:59.999Z 	42019.253472221986 	42.7593996 	4.2106874 	15.342000007629395 	1508.5999755859375 	37.581199645996094 	4.608839988708496 	28.0366
2015-01-15T06:09:59.999Z 	42019.256944444205 	42.7648774 	4.202129 	15.354999542236328 	1508.699951171875 	37.59590148925781 	4.6118998527526855 	28.0455
2015-01-15T06:14:59.999Z 	42019.260416666424 	42.7686134 	4.192891 	15.241999626159668 	1508.800048828125 	37.61790084838867 	4.6024298667907715 	28.0599
2015-01-15T06:19:59.999Z 	42019.26388888864 	42.7715335 	4.1835592 	15.274999618530273 	1509.0 	37.64640045166016 	4.608950138092041 	28.0708
2015-01-15T06:24:59.999Z 	42019.26736111086 	42.7733882 	4.1735336 	15.312999725341797 	1509.0999755859375 	37.67340087890625 	4.615869998931885 	28.0867
2015-01-15T06:29:59.999Z 	42019.27083333308 	42.7742019 	4.1637533 	15.380000114440918 	1509.4000244140625 	37.713401794433594 	4.627270221710205 	28.0999
2015-01-15T06:34:59.999Z 	42019.2743055553 	42.7742849 	4.1557091 	15.369999885559082 	1509.300048828125 	37.7151985168457 	4.626450061798096 	28.1027
2015-01-15T06:39:59.999Z 	42019.27777777752 	42.7739642 	4.1498968 	15.376999855041504 	1509.4000244140625 	37.7234992980957 	4.628079891204834 	28.1073
2015-01-15T06:44:59.999Z 	42019.28124999974 	42.7711562 	4.1473472 	15.406000137329102 	1509.5 	37.74250030517578 	4.633269786834717 	28.1166
2015-01-15T06:49:59.999Z 	42019.28472222196 	42.7685096 	4.1406601 	15.416999816894531 	1509.5 	37.76259994506836 	4.636630058288574 	28.1291
2015-01-15T06:54:59.999Z 	42019.288194444176 	42.7748055 	4.1292406 	15.442000389099121 	1509.5999755859375 	37.80080032348633 	4.643350124359131 	28.1542
2015-01-15T06:59:59.999Z 	42019.291666666395 	42.7878325 	4.127532 	15.484000205993652 	1509.800048828125 	37.821998596191406 	4.650169849395752 	28.16
2015-01-15T07:04:59.999Z 	42019.295138888614 	42.8033833 	4.133476 	15.46399974822998 	1509.699951171875 	37.801898956298835 	4.6458001136779785 	28.1514
2015-01-15T07:09:59.999Z 	42019.29861111083 	42.8196851 	4.1395396 	15.456999778747559 	1509.699951171875 	37.798301696777344 	4.644680023193359 	28.1493
2015-01-15T07:14:59.999Z 	42019.30208333305 	42.8358935 	4.1463478 	15.432999610900879 	1509.5999755859375 	37.77130126953125 	4.6391801834106445 	28.1332
2015-01-15T07:19:59.999Z 	42019.30555555527 	42.8520726 	4.1529983 	15.413999557495117 	1509.5 	37.750099182128906 	4.634900093078613 	28.1185
2015-01-15T07:24:59.999Z 	42019.30902777749 	42.8683005 	4.1597978 	15.399999618530273 	1509.5 	37.752899169921875 	4.6336798667907715 	28.1238
2015-01-15T07:29:59.999Z 	42019.31249999971 	42.8845258 	4.1663068 	15.39799976348877 	1509.5 	37.75979995727539 	4.6342902183532715 	28.1296
2015-01-15T07:34:59.999Z 	42019.31597222193 	42.900756 	4.1727838 	15.409000396728516 	1509.5999755859375 	37.77899932861328 	4.637549877166748 	28.1397
2015-01-15T07:39:59.999Z 	42019.31944444415 	42.9169316 	4.1797405 	15.434000015258789 	1509.5999755859375 	37.787700653076165 	4.641109943389893 	28.1479
2015-01-15T07:44:59.999Z 	42019.322916666366 	42.9330357 	4.1860619 	15.430999755859375 	1509.5 	37.79029846191406 	4.641109943389893 	28.1532
2015-01-15T07:49:59.999Z 	42019.326388888585 	42.9491461 	4.1926713 	15.444999694824219 	1509.5999755859375 	37.81890106201172 	4.645689964294434 	28.1696
2015-01-15T07:54:59.999Z 	42019.329861110804 	42.9653244 	4.1992364 	15.456000328063965 	1509.699951171875 	37.826900482177734 	4.647729873657227 	28.1725
2015-01-15T07:59:59.999Z 	42019.33333333302 	42.9817263 	4.2059861 	15.468000411987305 	1509.699951171875 	37.82400131225586 	4.648650169372559 	28.1708
2015-01-15T08:04:59.999Z 	42019.33680555524 	42.9966972 	4.2118282 	15.42199993133545 	1509.4000244140625 	37.79240036010742 	4.640399932861328 	28.1608
2015-01-15T08:09:59.999Z 	42019.34027777746 	43.0081026 	4.2159106 	15.321999549865723 	1509.0999755859375 	37.74430084228516 	4.624619960784912 	28.1431
2015-01-15T08:14:59.999Z 	42019.34374999968 	43.0102373 	4.214661 	15.291000366210938 	1509.0 	37.7328987121582 	4.620039939880371 	28.1382
2015-01-15T08:19:59.999Z 	42019.3472222219 	43.0101544 	4.214748 	15.300000190734863 	1509.0999755859375 	37.734500885009766 	4.62116003036499 	28.1379
2015-01-15T08:24:59.999Z 	42019.35069444412 	43.0098403 	4.2147367 	15.317999839782715 	1509.0999755859375 	37.73429870605469 	4.6230998039245605 	28.1363
2015-01-15T08:29:59.999Z 	42019.35416666634 	43.0096497 	4.2146982 	15.324999809265137 	1509.0999755859375 	37.73889923095703 	4.624320030212402 	28.14
2015-01-15T08:34:59.999Z 	42019.357638888556 	43.0096399 	4.2146869 	15.322999954223633 	1509.0999755859375 	37.73899841308594 	4.624110221862793 	28.1394
2015-01-15T08:39:59.999Z 	42019.361111110775 	43.0096495 	4.2147071 	15.329000473022461 	1509.0999755859375 	37.739498138427734 	4.6248297691345215 	28.1382
2015-01-15T08:44:59.999Z 	42019.364583332994 	43.0095491 	4.214689 	15.335000038146973 	1509.0999755859375 	37.74190139770508 	4.625740051269531 	28.1389
2015-01-15T08:49:59.999Z 	42019.36805555521 	43.0033122 	4.2199896 	15.347000122070312 	1509.199951171875 	37.74649810791016 	4.627470016479492 	28.1387
2015-01-15T08:54:59.999Z 	42019.37152777743 	42.9933609 	4.2276123 	15.37600040435791 	1509.300048828125 	37.75210189819336 	4.631140232086182 	28.1378
2015-01-15T08:59:59.999Z 	42019.37499999965 	42.9839534 	4.2353687 	15.383999824523926 	1509.199951171875 	37.75139999389649 	4.631849765777588 	28.1445
2015-01-15T09:04:59.999Z 	42019.37847222187 	42.980043 	4.2375288 	15.32699966430664 	1509.0999755859375 	37.735698699951165 	4.624110221862793 	28.137
2015-01-15T09:09:59.999Z 	42019.38194444409 	42.9797459 	4.2374101 	15.321000099182129 	1509.0999755859375 	37.73260116577149 	4.623199939727783 	28.1362
2015-01-15T09:14:59.999Z 	42019.38541666631 	42.9797405 	4.2373933 	15.324000358581543 	1509.0999755859375 	37.73270034790039 	4.623499870300293 	28.1358
2015-01-15T09:19:59.999Z 	42019.38888888853 	42.9797082 	4.2374068 	15.329000473022461 	1509.0999755859375 	37.7338981628418 	4.62421989440918 	28.1371
2015-01-15T09:24:59.999Z 	42019.392361110746 	42.9792569 	4.2378953 	15.317000389099121 	1509.0999755859375 	37.73189926147461 	4.622690200805664 	28.1353
2015-01-15T09:29:59.999Z 	42019.395833332965 	42.9716217 	4.2441258 	15.33899974822998 	1509.300048828125 	37.74509811401367 	4.626460075378418 	28.1273
2015-01-15T09:34:59.999Z 	42019.399305555184 	42.9614168 	4.2517368 	15.427000045776367 	1509.5 	37.78680038452149 	4.6402997970581055 	28.1521
2015-01-15T09:39:59.999Z 	42019.4027777774 	42.9533786 	4.2578677 	15.427000045776367 	1509.5 	37.79990005493164 	4.641719818115234 	28.1643
2015-01-15T09:44:59.999Z 	42019.40624999962 	42.9512565 	4.2590048 	15.286999702453613 	1509.5 	37.77799987792969 	4.6245198249816895 	28.148
2015-01-15T09:49:59.999Z 	42019.40972222184 	42.9512429 	4.2587017 	15.288999557495117 	1509.5 	37.77600097656249 	4.6245198249816895 	28.1465
2015-01-15T09:54:59.999Z 	42019.41319444406 	42.9512206 	4.2586936 	15.288999557495117 	1509.5 	37.77410125732422 	4.624320030212402 	28.1446
2015-01-15T09:59:59.999Z 	42019.41666666628 	42.951224 	4.2586968 	15.291000366210938 	1509.5 	37.775001525878906 	4.624619960784912 	28.1453
2015-01-15T10:04:59.999Z 	42019.4201388885 	42.9509972 	4.2586618 	15.291000366210938 	1509.5 	37.77519989013672 	4.624730110168457 	28.145
2015-01-15T10:09:59.999Z 	42019.42361111072 	42.943322 	4.2649045 	15.312000274658203 	1509.5 	37.77019882202149 	4.626349925994873 	28.1374
2015-01-15T10:14:59.999Z 	42019.427083332936 	42.9329586 	4.2727725 	15.161999702453613 	1508.800048828125 	37.684600830078125 	4.601210117340088 	28.1142
2015-01-15T10:19:59.999Z 	42019.430555555155 	42.9235608 	4.2799466 	15.057999610900879 	1508.5 	37.63890075683594 	4.585440158843994 	28.0959
2015-01-15T10:24:59.999Z 	42019.43402777737 	42.9215089 	4.2810455 	15.039999961853027 	1508.5 	37.635601043701165 	4.583199977874756 	28.0944
2015-01-15T10:29:59.999Z 	42019.43749999959 	42.9215768 	4.2808948 	15.045000076293945 	1508.5 	37.63470077514649 	4.583600044250488 	28.0927
2015-01-15T10:34:59.999Z 	42019.44097222181 	42.9215761 	4.280894 	15.038000106811523 	1508.4000244140625 	37.63079833984375 	4.5823798179626465 	28.0929
2015-01-15T10:39:59.999Z 	42019.44444444403 	42.9215833 	4.280905 	15.03600025177002 	1508.5 	37.63090133666992 	4.582180023193359 	28.0905
2015-01-15T10:44:59.999Z 	42019.44791666625 	42.9215684 	4.2808858 	15.045000076293945 	1508.5 	37.63249969482422 	4.5833001136779785 	28.0928
2015-01-15T10:49:59.999Z 	42019.45138888847 	42.9215715 	4.2808881 	15.041000366210938 	1508.5 	37.63309860229492 	4.5829901695251465 	28.0929
2015-01-15T10:54:59.999Z 	42019.45486111069 	42.9203145 	4.2824029 	15.055999755859375 	1508.5 	37.6349983215332 	4.584720134735107 	28.0914
2015-01-15T10:59:59.999Z 	42019.45833333291 	42.9123804 	4.2887699 	15.010000228881836 	1508.4000244140625 	37.6161994934082 	4.57790994644165 	28.0859
2015-01-15T11:04:59.999Z 	42019.461805555125 	42.9039025 	4.2944836 	15.067000389099121 	1508.5999755859375 	37.64139938354492 	4.586659908294678 	28.0947
2015-01-15T11:09:59.999Z 	42019.465277777344 	42.8972105 	4.2999997 	15.052000045776367 	1508.5 	37.635501861572266 	4.584420204162598 	28.0923
2015-01-15T11:14:59.999Z 	42019.46874999956 	42.893819 	4.3020982 	15.04699993133545 	1508.5 	37.631500244140625 	4.583399772644043 	28.0903
2015-01-15T11:19:59.999Z 	42019.47222222178 	42.8930262 	4.3030295 	15.048999786376953 	1508.5 	37.632598876953125 	4.583809852600098 	28.0925
2015-01-15T11:24:59.999Z 	42019.475694444 	42.8932152 	4.3028317 	15.045000076293945 	1508.5 	37.63069915771484 	4.583099842071533 	28.0911
2015-01-15T11:29:59.999Z 	42019.47916666622 	42.893232 	4.3028251 	15.0649995803833 	1508.5 	37.6338005065918 	4.585539817810059 	28.0896
2015-01-15T11:34:59.999Z 	42019.48263888844 	42.8932649 	4.3028497 	15.043999671936035 	1508.5 	37.632301330566406 	4.583199977874756 	28.0894
2015-01-15T11:39:59.999Z 	42019.48611111066 	42.893457 	4.3029217 	15.045000076293945 	1508.5999755859375 	37.63249969482422 	4.5833001136779785 	28.0871
2015-01-15T11:44:59.999Z 	42019.48958333288 	42.8892881 	4.3063325 	15.048999786376953 	1508.5999755859375 	37.635398864746094 	4.584109783172607 	28.0857
2015-01-15T11:49:59.999Z 	42019.493055555096 	42.8807514 	4.3109377 	15.086000442504883 	1508.5999755859375 	37.64590072631836 	4.589099884033203 	28.0925
2015-01-15T11:54:59.999Z 	42019.496527777315 	42.8718801 	4.3191999 	15.079000473022461 	1508.699951171875 	37.64759826660156 	4.588490009307861 	28.0925
2015-01-15T11:59:59.999Z 	42019.499999999534 	42.8648261 	4.3243544 	15.133999824523926 	1508.9000244140625 	37.68130111694336 	4.597959995269775 	28.1054
2015-01-15T12:04:59.999Z 	42019.50347222175 	42.8636975 	4.3257597 	15.152999877929688 	1508.9000244140625 	37.69329833984375 	4.601210117340088 	28.1125
2015-01-15T12:09:59.999Z 	42019.50694444397 	42.8634538 	4.3254791 	15.149999618530273 	1508.9000244140625 	37.69409942626953 	4.601009845733643 	28.1128
2015-01-15T12:14:59.999Z 	42019.51041666619 	42.8634823 	4.325489 	15.14900016784668 	1509.0 	37.694698333740234 	4.601009845733643 	28.112
2015-01-15T12:19:59.999Z 	42019.51388888841 	42.8634666 	4.3255007 	15.175000190734863 	1509.0999755859375 	37.6963005065918 	4.603859901428223 	28.1046
2015-01-15T12:24:59.999Z 	42019.51736111063 	42.8634431 	4.3254503 	15.177000045776367 	1509.0999755859375 	37.69609832763672 	4.604060173034668 	28.1023
2015-01-15T12:29:59.999Z 	42019.52083333285 	42.8636014 	4.3256241 	15.178999900817871 	1509.0 	37.6963005065918 	4.6043701171875 	28.1102
2015-01-15T12:34:59.999Z 	42019.52430555507 	42.8596475 	4.3289674 	15.161999702453613 	1509.0 	37.70550155639649 	4.603549957275391 	28.121
2015-01-15T12:39:59.999Z 	42019.527777777286 	42.8525937 	4.3332921 	15.213000297546387 	1509.300048828125 	37.75339889526367 	4.614140033721924 	28.1392
2015-01-15T12:44:59.999Z 	42019.531249999505 	42.845254 	4.3392204 	15.279999732971191 	1509.4000244140625 	37.83449935913086 	4.6300201416015625 	28.1998
2015-01-15T12:49:59.999Z 	42019.534722221724 	42.8381868 	4.3442588 	15.168000221252441 	1509.0999755859375 	37.76029968261719 	4.610169887542725 	28.1576
2015-01-15T12:54:59.999Z 	42019.53819444394 	42.8343776 	4.3473303 	15.20199966430664 	1509.199951171875 	37.80059814453125 	4.618110179901123 	28.1841
2015-01-15T12:59:59.999Z 	42019.54166666616 	42.8343961 	4.3490157 	15.197999954223633 	1509.199951171875 	37.791500091552734 	4.616680145263672 	28.1783
2015-01-15T13:04:59.999Z 	42019.54513888838 	42.8335098 	4.3485815 	15.211000442504883 	1509.199951171875 	37.78689956665039 	4.617499828338623 	28.173
2015-01-15T13:09:59.999Z 	42019.5486111106 	42.833994 	4.3475224 	15.204000473022461 	1509.199951171875 	37.79479980468751 	4.617700099945068 	28.1786
2015-01-15T13:14:59.999Z 	42019.55208333282 	42.8339522 	4.3475323 	15.20199966430664 	1509.199951171875 	37.799598693847656 	4.6180100440979 	28.1827
2015-01-15T13:19:59.999Z 	42019.55555555504 	42.8340316 	4.347602 	15.206000328063965 	1509.199951171875 	37.80120086669922 	4.618619918823242 	28.1848
2015-01-15T13:24:59.999Z 	42019.55902777726 	42.834091 	4.3476853 	15.204000473022461 	1509.199951171875 	37.80110168457031 	4.61830997467041 	28.1852
2015-01-15T13:29:59.999Z 	42019.562499999476 	42.8340639 	4.3476517 	15.204000473022461 	1509.199951171875 	37.803199768066406 	4.618619918823242 	28.1856
2015-01-15T13:34:59.999Z 	42019.565972221695 	42.8341151 	4.3476647 	15.204000473022461 	1509.199951171875 	37.80390167236328 	4.618619918823242 	28.1861
2015-01-15T13:39:59.999Z 	42019.569444443914 	42.8340753 	4.3476869 	15.211000442504883 	1509.300048828125 	37.80400085449219 	4.619430065155029 	28.1843
2015-01-15T13:44:59.999Z 	42019.57291666613 	42.834094 	4.3477013 	15.206999778747559 	1509.300048828125 	37.804298400878906 	4.619029998779297 	28.1816
2015-01-15T13:49:59.999Z 	42019.57638888835 	42.8340814 	4.3477101 	15.211000442504883 	1509.300048828125 	37.80569839477539 	4.619530200958252 	28.1834
2015-01-15T13:54:59.999Z 	42019.57986111057 	42.834115 	4.3486322 	15.22700023651123 	1509.300048828125 	37.8036003112793 	4.621059894561768 	28.1809
2015-01-15T13:59:59.999Z 	42019.58333333279 	42.8292643 	4.3546637 	15.229000091552734 	1509.300048828125 	37.79230117797851 	4.620039939880371 	28.1709
2015-01-15T14:04:59.999Z 	42019.58680555501 	42.8204443 	4.3585766 	15.265000343322754 	1509.5 	37.79119873046875 	4.6237101554870605 	28.1591
2015-01-15T14:09:59.999Z 	42019.59027777723 	42.8117445 	4.3638826 	15.333999633789062 	1509.699951171875 	37.83660125732422 	4.63592004776001 	28.1789
2015-01-15T14:14:59.999Z 	42019.59374999945 	42.8055915 	4.3680047 	15.42199993133545 	1510.0999755859375 	37.889301300048835 	4.650990009307861 	28.1977
2015-01-15T14:19:59.999Z 	42019.597222221666 	42.8049949 	4.3688037 	15.451000213623047 	1510.0999755859375 	37.90330123901367 	4.655570030212402 	28.2069
2015-01-15T14:24:59.999Z 	42019.600694443885 	42.8046672 	4.3683645 	15.461999893188477 	1510.199951171875 	37.907501220703125 	4.657199859619141 	28.2058
2015-01-15T14:29:59.999Z 	42019.604166666104 	42.8046178 	4.3682699 	15.449000358581543 	1510.0999755859375 	37.90340042114258 	4.655370235443115 	28.2073
2015-01-15T14:34:59.999Z 	42019.60763888832 	42.8046806 	4.3683939 	15.468999862670898 	1510.199951171875 	37.90370178222656 	4.65749979019165 	28.2044
2015-01-15T14:39:59.999Z 	42019.61111111054 	42.8046659 	4.3683289 	15.465999603271484 	1510.199951171875 	37.90999984741211 	4.657909870147705 	28.2066
2015-01-15T14:44:59.999Z 	42019.61458333276 	42.8046523 	4.3682736 	15.47599983215332 	1510.199951171875 	37.91469955444336 	4.659440040588379 	28.2115
2015-01-15T14:49:59.999Z 	42019.61805555498 	42.8046379 	4.368297 	15.46399974822998 	1510.199951171875 	37.908100128173835 	4.657400131225586 	28.2062
2015-01-15T14:54:59.999Z 	42019.6215277772 	42.8046271 	4.3682496 	15.465999603271484 	1510.199951171875 	37.91379928588867 	4.65831995010376 	28.2121
2015-01-15T14:59:59.999Z 	42019.62499999942 	42.8045926 	4.368258 	15.465999603271484 	1510.199951171875 	37.91630172729492 	4.658520221710205 	28.2145
2015-01-15T15:04:59.999Z 	42019.62847222164 	42.8046402 	4.3683139 	15.461999893188477 	1510.300048828125 	37.915000915527344 	4.658010005950928 	28.2056
2015-01-15T15:09:59.999Z 	42019.631944443856 	42.8021952 	4.3723138 	15.468999862670898 	1510.199951171875 	37.91019821166992 	4.658219814300537 	28.2086
2015-01-15T15:14:59.999Z 	42019.635416666075 	42.7953615 	4.3761216 	15.45199966430664 	1510.0999755859375 	37.8848991394043 	4.653629779815674 	28.1935
2015-01-15T15:19:59.999Z 	42019.638888888294 	42.7871927 	4.3815475 	15.446999549865723 	1510.0999755859375 	37.864398956298835 	4.650889873504639 	28.1754
2015-01-15T15:24:59.999Z 	42019.64236111051 	42.7798884 	4.3866807 	15.416999816894531 	1509.9000244140625 	37.83219909667969 	4.644169807434082 	28.1647
2015-01-15T15:29:59.999Z 	42019.64583333273 	42.7756008 	4.3898538 	15.375 	1509.800048828125 	37.805999755859375 	4.636940002441406 	28.1485
2015-01-15T15:34:59.999Z 	42019.64930555495 	42.7762786 	4.3896908 	15.37600040435791 	1509.800048828125 	37.80619812011719 	4.637040138244629 	28.1478
2015-01-15T15:39:59.999Z 	42019.65277777717 	42.7753272 	4.3911928 	15.36400032043457 	1509.699951171875 	37.79949951171875 	4.635009765625 	28.1476
2015-01-15T15:44:59.999Z 	42019.65624999939 	42.7751509 	4.3913037 	15.357000350952148 	1509.699951171875 	37.79130172729492 	4.633379936218262 	28.1391
2015-01-15T15:49:59.999Z 	42019.65972222161 	42.7751505 	4.3911914 	15.36299991607666 	1509.699951171875 	37.79280090332031 	4.634190082550049 	28.1443
2015-01-15T15:54:59.999Z 	42019.66319444383 	42.7751686 	4.3912212 	15.350000381469727 	1509.699951171875 	37.78950119018555 	4.632460117340088 	28.1421
2015-01-15T15:59:59.999Z 	42019.666666666046 	42.7751725 	4.3912378 	15.352999687194824 	1509.699951171875 	37.78710174560547 	4.632559776306152 	28.1385
2015-01-15T16:04:59.999Z 	42019.670138888265 	42.7751555 	4.3911826 	15.34000015258789 	1509.699951171875 	37.78580093383789 	4.631040096282959 	28.1402
2015-01-15T16:09:59.999Z 	42019.673611110484 	42.7752373 	4.391249 	15.336000442504883 	1509.699951171875 	37.785099029541016 	4.630529880523682 	28.1353
2015-01-15T16:14:59.999Z 	42019.6770833327 	42.7752725 	4.3912841 	15.338000297546387 	1509.5999755859375 	37.78030014038086 	4.63021993637085 	28.1379
2015-01-15T16:19:59.999Z 	42019.68055555492 	42.7752643 	4.391275 	15.333000183105469 	1509.5999755859375 	37.782901763916016 	4.62992000579834 	28.1397
2015-01-15T16:24:59.999Z 	42019.68402777714 	42.770645 	4.393694 	15.295000076293945 	1509.4000244140625 	37.76350021362305 	4.623809814453125 	28.1365
2015-01-15T16:29:59.999Z 	42019.68749999936 	42.762586 	4.3991641 	15.164999961853027 	1509.0 	37.70750045776367 	4.604060173034668 	28.1232
2015-01-15T16:34:59.999Z 	42019.69097222158 	42.7548948 	4.4052025 	15.107999801635742 	1508.699951171875 	37.65330123901367 	4.5921502113342285 	28.0945
2015-01-15T16:39:59.999Z 	42019.6944444438 	42.7483751 	4.4090116 	14.97700023651123 	1508.199951171875 	37.65119934082031 	4.57820987701416 	28.1277
2015-01-15T16:44:59.999Z 	42019.69791666602 	42.746875 	4.4116188 	14.89799976348877 	1508.0 	37.63079833984375 	4.567729949951172 	28.1215
2015-01-15T16:49:59.999Z 	42019.701388888236 	42.7467679 	4.4118577 	14.918999671936035 	1508.0999755859375 	37.62409973144531 	4.569250106811523 	28.1117
2015-01-15T16:54:59.999Z 	42019.704861110455 	42.7466728 	4.4116456 	14.89799976348877 	1508.0 	37.62609863281249 	4.567220211029053 	28.1171
2015-01-15T16:59:59.999Z 	42019.708333332674 	42.7466945 	4.4116852 	14.906000137329102 	1508.0 	37.622798919677734 	4.567729949951172 	28.1142
2015-01-15T17:04:59.999Z 	42019.71180555489 	42.7466677 	4.4116697 	14.89799976348877 	1508.0999755859375 	37.61949920654297 	4.566510200500488 	28.1084
2015-01-15T17:09:59.999Z 	42019.71527777711 	42.7467059 	4.4116926 	14.88700008392334 	1508.0 	37.61830139160156 	4.5652899742126465 	28.1128
2015-01-15T17:14:59.999Z 	42019.71874999933 	42.7466537 	4.4116605 	14.895999908447266 	1508.0 	37.61520004272461 	4.565899848937988 	28.1101
2015-01-15T17:19:59.999Z 	42019.72222222155 	42.7452578 	4.4130919 	14.897000312805176 	1508.0 	37.6088981628418 	4.5652899742126465 	28.1071
2015-01-15T17:24:59.999Z 	42019.72569444377 	42.7381121 	4.4191727 	14.875 	1507.9000244140625 	37.56660079956055 	4.558469772338867 	28.0761
2015-01-15T17:29:59.999Z 	42019.72916666599 	42.7298825 	4.425148 	14.85200023651123 	1507.800048828125 	37.52349853515625 	4.551340103149414 	28.0458
2015-01-15T17:34:59.999Z 	42019.73263888821 	42.7223589 	4.4309992 	14.881999969482422 	1507.9000244140625 	37.51190185546875 	4.553279876708984 	28.0294
2015-01-15T17:39:59.999Z 	42019.736111110426 	42.7178255 	4.4342348 	14.89799976348877 	1508.0 	37.510398864746094 	4.554699897766113 	28.0233
2015-01-15T17:44:59.999Z 	42019.739583332645 	42.7173542 	4.4344994 	14.916999816894531 	1508.0 	37.509498596191406 	4.5566301345825195 	28.022
2015-01-15T17:49:59.999Z 	42019.74305555486 	42.7173129 	4.4345391 	14.949999809265137 	1508.0 	37.51029968261719 	4.560200214385986 	28.02
2015-01-15T17:54:59.999Z 	42019.74652777708 	42.7173195 	4.4345254 	14.920000076293945 	1508.0 	37.51250076293945 	4.557240009307861 	28.0229
2015-01-15T17:59:59.999Z 	42019.7499999993 	42.7172868 	4.434493 	14.932000160217285 	1508.0 	37.513301849365234 	4.55856990814209 	28.022
2015-01-15T18:04:59.999Z 	42019.75347222152 	42.7173082 	4.4345938 	14.942999839782715 	1508.0999755859375 	37.514198303222656 	4.559889793395996 	28.0192
2015-01-15T18:09:59.999Z 	42019.75694444374 	42.7172795 	4.4345736 	14.937000274658203 	1508.0999755859375 	37.51800155639649 	4.559589862823486 	28.0194
2015-01-15T18:14:59.999Z 	42019.76041666596 	42.7172898 	4.4345507 	14.92199993133545 	1508.199951171875 	37.51520156860351 	4.557750225067139 	28.0135
2015-01-15T18:19:59.999Z 	42019.76388888818 	42.7173163 	4.4345356 	14.907999992370605 	1508.0 	37.51250076293945 	4.5560197830200195 	28.0241
2015-01-15T18:24:59.999Z 	42019.7673611104 	42.7163037 	4.4355132 	14.925000190734863 	1508.0 	37.5172004699707 	4.558259963989258 	28.0264
2015-01-15T18:29:59.999Z 	42019.770833332615 	42.7094497 	4.4415358 	15.012999534606934 	1508.300048828125 	37.5171012878418 	4.5675201416015625 	28.0046
2015-01-15T18:34:59.999Z 	42019.774305554834 	42.6995797 	4.4476994 	14.968999862670898 	1508.0999755859375 	37.50450134277344 	4.561520099639893 	28.0089
2015-01-15T18:39:59.999Z 	42019.77777777705 	42.6898065 	4.4547622 	14.940999984741211 	1508.0999755859375 	37.515899658203125 	4.559790134429932 	28.0183
2015-01-15T18:44:59.999Z 	42019.78124999927 	42.6800504 	4.461739 	14.939000129699707 	1508.0 	37.5369987487793 	4.561930179595947 	28.0409
2015-01-15T18:49:59.999Z 	42019.78472222149 	42.6703327 	4.468665 	14.975000381469727 	1508.4000244140625 	37.59709930419922 	4.57220983505249 	28.0699
2015-01-15T18:54:59.999Z 	42019.78819444371 	42.6616914 	4.4749309 	15.274999618530273 	1509.800048828125 	37.86909866333008 	4.633279800415039 	28.2027
2015-01-15T18:59:59.999Z 	42019.79166666593 	42.6581496 	4.4779391 	15.409000396728516 	1510.199951171875 	37.975399017333984 	4.658929824829102 	28.2669
2015-01-15T19:04:59.999Z 	42019.79513888815 	42.6579291 	4.4779417 	15.425999641418457 	1510.199951171875 	37.97850036621094 	4.66117000579834 	28.2651
2015-01-15T19:09:59.999Z 	42019.79861111037 	42.6579157 	4.4778641 	15.432999610900879 	1510.199951171875 	37.98460006713867 	4.662489891052246 	28.2698
2015-01-15T19:14:59.999Z 	42019.802083332586 	42.6579609 	4.4779318 	15.4399995803833 	1510.300048828125 	37.9807014465332 	4.662799835205078 	28.2635
2015-01-15T19:19:59.999Z 	42019.805555554805 	42.6579008 	4.4779298 	15.446000099182129 	1510.300048828125 	37.98310089111328 	4.663710117340088 	28.2635
2015-01-15T19:24:59.999Z 	42019.809027777024 	42.6579643 	4.4779813 	15.451000213623047 	1510.199951171875 	37.98619842529297 	4.664629936218262 	28.2693
2015-01-15T19:29:59.999Z 	42019.81249999924 	42.6579354 	4.4778996 	15.442000389099121 	1510.199951171875 	37.98149871826172 	4.663099765777588 	28.2671
2015-01-15T19:34:59.999Z 	42019.81597222146 	42.6579249 	4.477919 	15.430999755859375 	1510.199951171875 	37.97850036621094 	4.661680221557617 	28.2665
2015-01-15T19:39:59.999Z 	42019.81944444368 	42.6579454 	4.4778784 	15.425000190734863 	1510.0999755859375 	37.9724006652832 	4.6603498458862305 	28.2656
2015-01-15T19:44:59.999Z 	42019.8229166659 	42.6579102 	4.4779088 	15.418000221252441 	1510.199951171875 	37.97249984741211 	4.659639835357666 	28.2635
2015-01-15T19:49:59.999Z 	42019.82638888812 	42.6578995 	4.4779006 	15.357999801635742 	1509.9000244140625 	37.925899505615234 	4.648139953613281 	28.2447
2015-01-15T19:54:59.999Z 	42019.82986111034 	42.6579245 	4.4779005 	15.343999862670898 	1509.800048828125 	37.91590118408203 	4.645589828491211 	28.2391
2015-01-15T19:59:59.999Z 	42019.83333333256 	42.6571867 	4.4796984 	15.35200023651123 	1509.9000244140625 	37.91350173950195 	4.646200180053711 	28.2301
2015-01-15T20:04:59.999Z 	42019.836805554776 	42.6500612 	4.4862088 	15.524999618530273 	1510.5 	38.02840042114258 	4.6770501136779785 	28.2871
2015-01-15T20:09:59.999Z 	42019.840277776995 	42.6407421 	4.4917602 	15.496000289916992 	1510.4000244140625 	38.03689956665039 	4.674910068511963 	28.299
2015-01-15T20:14:59.999Z 	42019.843749999214 	42.6314442 	4.4979128 	15.463000297546387 	1510.300048828125 	38.03820037841797 	4.6715497970581055 	28.3069
2015-01-15T20:19:59.999Z 	42019.84722222143 	42.6216399 	4.5044847 	15.446999549865723 	1510.300048828125 	38.037700653076165 	4.6698198318481445 	28.3113
2015-01-15T20:24:59.999Z 	42019.85069444365 	42.6116884 	4.511755 	15.4350004196167 	1510.300048828125 	38.037899017333984 	4.668600082397461 	28.312
2015-01-15T20:29:59.999Z 	42019.85416666587 	42.6026441 	4.5187961 	15.446999549865723 	1510.300048828125 	38.04050064086914 	4.670129776000977 	28.3115
2015-01-15T20:34:59.999Z 	42019.85763888809 	42.5989582 	4.5215397 	15.458999633789062 	1510.300048828125 	38.04309844970703 	4.67165994644165 	28.312
2015-01-15T20:39:59.999Z 	42019.86111111031 	42.598726 	4.5215611 	15.463000297546387 	1510.300048828125 	38.04280090332031 	4.672060012817383 	28.3118
2015-01-15T20:44:59.999Z 	42019.86458333253 	42.5987086 	4.5215297 	15.45300006866455 	1510.300048828125 	38.04290008544922 	4.671040058135986 	28.3126
2015-01-15T20:49:59.999Z 	42019.86805555475 	42.5987138 	4.521556 	15.456999778747559 	1510.300048828125 	38.04169845581055 	4.671350002288818 	28.3096
2015-01-15T20:54:59.999Z 	42019.871527776966 	42.5987202 	4.5215665 	15.458999633789062 	1510.300048828125 	38.042198181152344 	4.6715497970581055 	28.3099
2015-01-15T20:59:59.999Z 	42019.874999999185 	42.5987159 	4.5215773 	15.458999633789062 	1510.300048828125 	38.041500091552734 	4.6715497970581055 	28.3102
2015-01-15T21:04:59.999Z 	42019.878472221404 	42.5987016 	4.5215657 	15.45300006866455 	1510.300048828125 	38.04169845581055 	4.670839786529541 	28.311
2015-01-15T21:09:59.999Z 	42019.88194444362 	42.5987117 	4.5215693 	15.454999923706055 	1510.300048828125 	38.04180145263672 	4.671150207519531 	28.3112
2015-01-15T21:14:59.999Z 	42019.88541666584 	42.5987213 	4.5215438 	15.46399974822998 	1510.4000244140625 	38.041500091552734 	4.672060012817383 	28.3068
2015-01-15T21:19:59.999Z 	42019.88888888806 	42.5986935 	4.521522 	15.45300006866455 	1510.300048828125 	38.041900634765625 	4.670939922332764 	28.3117
2015-01-15T21:24:59.999Z 	42019.89236111028 	42.5987699 	4.5216162 	15.458999633789062 	1510.300048828125 	38.04130172729492 	4.671450138092041 	28.3102
2015-01-15T21:29:59.999Z 	42019.8958333325 	42.5987494 	4.5216193 	15.468000411987305 	1510.4000244140625 	38.04280090332031 	4.67257022857666 	28.3081
2015-01-15T21:34:59.999Z 	42019.89930555472 	42.5986924 	4.5215286 	15.458999633789062 	1510.300048828125 	38.04249954223633 	4.67165994644165 	28.312
2015-01-15T21:39:59.999Z 	42019.90277777694 	42.5986979 	4.5215558 	15.456999778747559 	1510.300048828125 	38.04169845581055 	4.671350002288818 	28.3108
2015-01-15T21:44:59.999Z 	42019.906249999156 	42.5962087 	4.5245979 	15.456000328063965 	1510.300048828125 	38.04209899902344 	4.671249866485596 	28.3107
2015-01-15T21:49:59.999Z 	42019.909722221375 	42.5876593 	4.5297695 	15.460000038146973 	1510.4000244140625 	38.043598175048835 	4.671860218048096 	28.3112
2015-01-15T21:54:59.999Z 	42019.913194443594 	42.5776848 	4.5362914 	15.439000129699707 	1510.199951171875 	38.04479980468751 	4.66972017288208 	28.3199
2015-01-15T21:59:59.999Z 	42019.91666666581 	42.5704412 	4.5425634 	15.392000198364258 	1510.0999755859375 	38.05580139160156 	4.665949821472168 	28.3375
2015-01-15T22:04:59.999Z 	42019.92013888803 	42.5695593 	4.5430255 	15.383999824523926 	1510.0999755859375 	38.05379867553711 	4.664939880371094 	28.3352
2015-01-15T22:09:59.999Z 	42019.92361111025 	42.5695267 	4.5430118 	15.390000343322754 	1510.0999755859375 	38.054100036621094 	4.665550231933594 	28.3352
2015-01-15T22:14:59.999Z 	42019.92708333247 	42.5695499 	4.5430449 	15.39799976348877 	1510.199951171875 	38.05229949951172 	4.6661601066589355 	28.3305
2015-01-15T22:19:59.999Z 	42019.93055555469 	42.5695467 	4.5430228 	15.397000312805176 	1510.199951171875 	38.051998138427734 	4.666059970855713 	28.3312
2015-01-15T22:24:59.999Z 	42019.93402777691 	42.5695158 	4.543009 	15.39900016784668 	1510.199951171875 	38.05279922485351 	4.666359901428223 	28.3328
2015-01-15T22:29:59.999Z 	42019.93749999913 	42.5695495 	4.5430551 	15.404000282287598 	1510.199951171875 	38.051898956298835 	4.666769981384277 	28.3314
2015-01-15T22:34:59.999Z 	42019.940972221346 	42.5695295 	4.5430132 	15.39799976348877 	1510.199951171875 	38.0526008605957 	4.666259765625 	28.331
2015-01-15T22:39:59.999Z 	42019.944444443565 	42.5695743 	4.5430356 	15.40999984741211 	1510.199951171875 	38.052398681640625 	4.667479991912842 	28.327
2015-01-15T22:44:59.999Z 	42019.947916665784 	42.5695442 	4.5430498 	15.401000022888184 	1510.199951171875 	38.05080032348633 	4.666359901428223 	28.3269
2015-01-15T22:49:59.999Z 	42019.951388888 	42.5695511 	4.5430175 	15.42199993133545 	1510.199951171875 	38.04779815673828 	4.668300151824951 	28.3235
2015-01-15T22:54:59.999Z 	42019.95486111022 	42.5695435 	4.5430237 	15.430000305175781 	1510.300048828125 	38.047000885009766 	4.669010162353516 	28.3207
2015-01-15T22:59:59.999Z 	42019.95833333244 	42.5695418 	4.5429963 	15.434000015258789 	1510.300048828125 	38.04759979248047 	4.669519901275635 	28.3216
2015-01-15T23:04:59.999Z 	42019.96180555466 	42.5697468 	4.5431463 	15.444000244140625 	1510.300048828125 	38.04690170288086 	4.670539855957031 	28.3165
2015-01-15T23:09:59.999Z 	42019.96527777688 	42.5640285 	4.5460953 	15.432000160217285 	1510.199951171875 	38.049598693847656 	4.669519901275635 	28.3269
2015-01-15T23:14:59.999Z 	42019.9687499991 	42.553108 	4.5548162 	15.335000038146973 	1509.9000244140625 	38.05820083618164 	4.660150051116943 	28.3544
2015-01-15T23:19:59.999Z 	42019.97222222132 	42.5428025 	4.5622677 	15.258000373840332 	1509.699951171875 	38.05979919433594 	4.652210235595703 	28.3719
2015-01-15T23:24:59.999Z 	42019.975694443536 	42.5393864 	4.56459 	15.253000259399414 	1509.699951171875 	38.05860137939453 	4.651500225067139 	28.3684
2015-01-15T23:29:59.999Z 	42019.979166665755 	42.539385 	4.5645636 	15.253000259399414 	1509.699951171875 	38.05860137939453 	4.651500225067139 	28.3698
2015-01-15T23:34:59.999Z 	42019.982638887974 	42.5394174 	4.5645906 	15.258999824523926 	1509.699951171875 	38.05910110473633 	4.652210235595703 	28.3685
2015-01-15T23:39:59.999Z 	42019.98611111019 	42.5393767 	4.5645346 	15.253999710083008 	1509.699951171875 	38.06010055541992 	4.651810169219971 	28.3711
2015-01-15T23:44:59.999Z 	42019.98958333241 	42.5394098 	4.564497 	15.260000228881836 	1509.699951171875 	38.061500549316406 	4.6526198387146 	28.3723
2015-01-15T23:49:59.999Z 	42019.99305555463 	42.5393747 	4.5645654 	15.26099967956543 	1509.800048828125 	38.05899810791016 	4.6524200439453125 	28.3635
2015-01-15T23:54:59.999Z 	42019.99652777685 	42.5393859 	4.5645519 	15.260000228881836 	1509.699951171875 	38.05870056152344 	4.652309894561768 	28.3688
2015-01-15T23:59:59.999Z 	42019.99999999907 	42.539421 	4.5645822 					
