time 	latitude 	longitude 	water temperature 	water sound speed 	water salinity 	water conductivity 	anomaly of water mass density
2015-01-21T00:00:00.000Z 	42025.0 	43.5875876 	8.2257633 	15.048999786376953 	1509.0999755859375 	38.07189941406249 	4.631350040435791 	28.426
2015-01-21T00:04:59.999Z 	42025.00347222222 	43.5890734 	8.2422136 	15.038000106811523 	1509.0999755859375 	38.05569839477539 	4.628499984741211 	28.4124
2015-01-21T00:09:59.999Z 	42025.00694444444 	43.5908998 	8.2584814 	15.076000213623047 	1509.199951171875 	38.054901123046875 	4.632359981536865 	28.4043
2015-01-21T00:14:59.999Z 	42025.01041666666 	43.5931988 	8.2743849 	15.130000114440918 	1509.300048828125 	38.04759979248047 	4.637350082397461 	28.3863
2015-01-21T00:19:59.999Z 	42025.013888888876 	43.5953513 	8.2904831 	15.145000457763672 	1509.4000244140625 	38.04840087890625 	4.638979911804199 	28.3857
2015-01-21T00:24:59.999Z 	42025.017361111095 	43.5974682 	8.306864 	15.11400032043457 	1509.300048828125 	38.04499816894531 	4.63532018661499 	28.3892
2015-01-21T00:29:59.999Z 	42025.020833333314 	43.5990411 	8.3229916 	15.07800006866455 	1509.0999755859375 	38.04719924926758 	4.631750106811523 	28.4013
2015-01-21T00:34:59.999Z 	42025.02430555553 	43.6008316 	8.3396532 	14.890000343322754 	1508.5 	38.06800079345703 	4.614140033721924 	28.4603
2015-01-21T00:39:59.999Z 	42025.02777777775 	43.6024356 	8.3562858 	14.916000366210938 	1508.699951171875 	38.043800354003906 	4.614250183105469 	28.4318
2015-01-21T00:44:59.999Z 	42025.03124999997 	43.6039374 	8.3727858 	14.946000099182129 	1508.699951171875 	38.03730010986328 	4.616690158843994 	28.4206
2015-01-21T00:49:59.999Z 	42025.03472222219 	43.6052235 	8.3891483 	14.968000411987305 	1508.699951171875 	38.01210021972656 	4.616380214691162 	28.3985
2015-01-21T00:54:59.999Z 	42025.03819444441 	43.6068446 	8.405452 	14.954999923706055 	1508.4000244140625 	37.74980163574219 	4.586559772491455 	28.1983
2015-01-21T00:59:59.999Z 	42025.04166666663 	43.6091196 	8.4216935 	14.946999549865723 	1508.699951171875 	38.048198699951165 	4.6180100440979 	28.4294
2015-01-21T01:04:59.999Z 	42025.04513888885 	43.6111346 	8.4378413 	14.958999633789062 	1508.699951171875 	38.03689956665039 	4.618110179901123 	28.4202
2015-01-21T01:09:59.999Z 	42025.048611111066 	43.6135432 	8.4516185 	14.925000190734863 	1508.699951171875 	38.07080078125 	4.618110179901123 	28.453
2015-01-21T01:14:59.999Z 	42025.052083333285 	43.6155821 	8.4624478 	14.909000396728516 	1508.699951171875 	38.080101013183594 	4.617499828338623 	28.4622
2015-01-21T01:19:59.999Z 	42025.055555555504 	43.619525 	8.4720441 	14.894000053405762 	1508.5999755859375 	38.08919906616211 	4.616789817810059 	28.4715
2015-01-21T01:24:59.999Z 	42025.05902777772 	43.6252501 	8.4794639 	14.892999649047852 	1508.699951171875 	38.09170150756836 	4.616990089416504 	28.4723
2015-01-21T01:29:59.999Z 	42025.06249999994 	43.6325049 	8.4839049 	14.894000053405762 	1508.5999755859375 	38.08539962768555 	4.616380214691162 	28.4692
2015-01-21T01:34:59.999Z 	42025.06597222216 	43.6400402 	8.4873014 	14.888999938964844 	1508.5999755859375 	38.08190155029297 	4.615570068359375 	28.4669
2015-01-21T01:39:59.999Z 	42025.06944444438 	43.647578 	8.4903359 	14.890999794006348 	1508.5999755859375 	38.0817985534668 	4.615769863128662 	28.4658
2015-01-21T01:44:59.999Z 	42025.0729166666 	43.654452 	8.4931011 	14.888999938964844 	1508.5999755859375 	38.08380126953125 	4.615769863128662 	28.4675
2015-01-21T01:49:59.999Z 	42025.07638888882 	43.6606575 	8.4957401 	14.890999794006348 	1508.5999755859375 	38.08620071411133 	4.616179943084717 	28.4701
2015-01-21T01:54:59.999Z 	42025.07986111104 	43.6655393 	8.4982942 	14.881999969482422 	1508.5999755859375 	38.087799072265625 	4.615469932556152 	28.4738
2015-01-21T01:59:59.999Z 	42025.083333333256 	43.6677032 	8.496867 	14.888999938964844 	1508.5999755859375 	38.08539962768555 	4.615880012512207 	28.4719
2015-01-21T02:04:59.999Z 	42025.086805555475 	43.6681188 	8.5029915 	14.876999855041504 	1508.5999755859375 	38.089500427246094 	4.615059852600098 	28.4771
2015-01-21T02:09:59.999Z 	42025.090277777694 	43.6649739 	8.5128607 	14.815999984741211 	1508.4000244140625 	38.10150146484375 	4.6099700927734375 	28.5016
2015-01-21T02:14:59.999Z 	42025.09374999991 	43.6617066 	8.5272942 	14.758000373840332 	1508.199951171875 	38.12289810180664 	4.606100082397461 	28.5301
2015-01-21T02:19:59.999Z 	42025.09722222213 	43.6588359 	8.5443571 	14.62600040435791 	1507.699951171875 	38.13460159301758 	4.593379974365234 	28.5781
2015-01-21T02:24:59.999Z 	42025.10069444435 	43.6558709 	8.5614595 	14.529999732971191 	1507.4000244140625 	38.14039993286133 	4.583920001983643 	28.5988
2015-01-21T02:29:59.999Z 	42025.10416666657 	43.6529119 	8.5785075 	14.413000106811523 	1507.199951171875 	38.11909866333008 	4.569260120391846 	28.5984
2015-01-21T02:34:59.999Z 	42025.10763888879 	43.6499505 	8.5955532 	14.454000473022461 	1507.300048828125 	38.11940002441406 	4.573639869689941 	28.5915
2015-01-21T02:39:59.999Z 	42025.11111111101 	43.6464679 	8.6116596 	14.395000457763672 	1506.9000244140625 	38.13420104980469 	4.568960189819336 	28.6259
2015-01-21T02:44:59.999Z 	42025.11458333323 	43.6428028 	8.6263443 	14.383999824523926 	1507.0 	38.11759948730469 	4.566009998321533 	28.6055
2015-01-21T02:49:59.999Z 	42025.118055555446 	43.6398608 	8.6399532 	14.427000045776367 	1507.199951171875 	38.11199951171875 	4.56997013092041 	28.5922
2015-01-21T02:54:59.999Z 	42025.121527777665 	43.6374703 	8.6527293 	14.473999977111816 	1507.300048828125 	38.10860061645508 	4.574550151824951 	28.5778
2015-01-21T02:59:59.999Z 	42025.12499999988 	43.6348982 	8.6640173 	14.508000373840332 	1507.4000244140625 	38.11109924316406 	4.578420162200928 	28.5739
2015-01-21T03:04:59.999Z 	42025.1284722221 	43.6357321 	8.6657571 	14.512999534606934 	1507.4000244140625 	38.11199951171875 	4.5790300369262695 	28.5744
2015-01-21T03:09:59.999Z 	42025.13194444432 	43.6357265 	8.6657469 	14.505000114440918 	1507.4000244140625 	38.11259841918945 	4.578219890594482 	28.5762
2015-01-21T03:14:59.999Z 	42025.13541666654 	43.6357144 	8.6657394 	14.51099967956543 	1507.4000244140625 	38.09529876708984 	4.577099800109863 	28.5614
2015-01-21T03:19:59.999Z 	42025.13888888876 	43.6357253 	8.6657249 	14.508000373840332 	1507.4000244140625 	38.112998962402344 	4.578629970550537 	28.5751
2015-01-21T03:24:59.999Z 	42025.14236111098 	43.6357242 	8.6657156 	14.506999969482422 	1507.0999755859375 	37.841400146484375 	4.549409866333008 	28.3645
2015-01-21T03:29:59.999Z 	42025.1458333332 	43.6357328 	8.6657353 	14.508999824523926 	1507.199951171875 	37.94110107421875 	4.560299873352051 	28.4411
2015-01-21T03:34:59.999Z 	42025.14930555542 	43.6357334 	8.6657394 	14.508000373840332 	1507.4000244140625 	38.112998962402344 	4.578629970550537 	28.5743
2015-01-21T03:39:59.999Z 	42025.152777777635 	43.6357168 	8.6657426 	14.5 	1507.199951171875 	37.9463996887207 	4.559999942779541 	28.4472
2015-01-21T03:44:59.999Z 	42025.156249999854 	43.635731 	8.6657424 	14.5 	1507.4000244140625 	38.0640983581543 	4.572519779205322 	28.5387
2015-01-21T03:49:59.999Z 	42025.15972222207 	43.6357128 	8.6657339 	14.496999740600586 	1507.300048828125 	38.064998626708984 	4.572309970855713 	28.5396
2015-01-21T03:54:59.999Z 	42025.16319444429 	43.6357201 	8.6657241 	14.494000434875488 	1507.300048828125 	37.981098175048835 	4.563049793243408 	28.4744
2015-01-21T03:59:59.999Z 	42025.16666666651 	43.6357442 	8.6657059 	14.482000350952148 	1507.199951171875 	37.96329879760742 	4.559899806976318 	28.4638
2015-01-21T04:04:59.999Z 	42025.17013888873 	43.6357302 	8.6657379 	14.484000205993652 	1507.199951171875 	37.99430084228516 	4.563360214233398 	28.488
2015-01-21T04:09:59.999Z 	42025.17361111095 	43.6357405 	8.6657337 	14.479000091552734 	1507.300048828125 	38.07740020751953 	4.571809768676758 	28.5527
2015-01-21T04:14:59.999Z 	42025.17708333317 	43.6357329 	8.6657258 	14.477999687194824 	1507.300048828125 	38.03020095825195 	4.566619873046875 	28.5165
2015-01-21T04:19:59.999Z 	42025.18055555539 	43.6357392 	8.6657269 	14.475000381469727 	1507.300048828125 	38.04349899291992 	4.567729949951172 	28.5275
2015-01-21T04:24:59.999Z 	42025.18402777761 	43.6357474 	8.6657166 	14.468999862670898 	1507.300048828125 	38.077301025390625 	4.570690155029297 	28.5544
2015-01-21T04:29:59.999Z 	42025.187499999825 	43.6357274 	8.6657225 	14.461000442504883 	1507.300048828125 	38.10580062866211 	4.572929859161377 	28.5787
2015-01-21T04:34:59.999Z 	42025.190972222044 	43.6357379 	8.6657421 	14.458000183105469 	1507.300048828125 	38.10350036621094 	4.572319984436035 	28.5779
2015-01-21T04:39:59.999Z 	42025.19444444426 	43.6357354 	8.6657346 	14.449000358581543 	1507.300048828125 	38.114398956298835 	4.572519779205322 	28.5869
2015-01-21T04:44:59.999Z 	42025.19791666648 	43.6357309 	8.6657352 	14.444999694824219 	1507.300048828125 	38.1150016784668 	4.57220983505249 	28.5883
2015-01-21T04:49:59.999Z 	42025.2013888887 	43.6357234 	8.6657367 	14.440999984741211 	1507.199951171875 	38.11529922485351 	4.571809768676758 	28.5894
2015-01-21T04:54:59.999Z 	42025.20486111092 	43.6357237 	8.6657065 	14.439000129699707 	1507.199951171875 	38.11360168457031 	4.571400165557861 	28.5889
2015-01-21T04:59:59.999Z 	42025.20833333314 	43.6357436 	8.6657018 	14.435999870300293 	1507.199951171875 	38.11539840698242 	4.571300029754639 	28.5913
2015-01-21T05:04:59.999Z 	42025.21180555536 	43.6357484 	8.6657159 	14.42300033569336 	1507.199951171875 	38.11520004272461 	4.5698699951171875 	28.5936
2015-01-21T05:09:59.999Z 	42025.21527777758 	43.6357429 	8.6657258 	14.425999641418457 	1507.199951171875 	38.115501403808594 	4.570280075073242 	28.5942
2015-01-21T05:14:59.999Z 	42025.218749999796 	43.6363639 	8.6651069 	14.42199993133545 	1507.199951171875 	38.120601654052734 	4.570380210876465 	28.6003
2015-01-21T05:19:59.999Z 	42025.222222222015 	43.63925 	8.6641743 	14.41100025177002 	1507.199951171875 	38.115501403808594 	4.568649768829346 	28.5945
2015-01-21T05:24:59.999Z 	42025.225694444234 	43.6437621 	8.6563798 	14.486000061035156 	1507.4000244140625 	38.11309814453125 	4.576280117034912 	28.5784
2015-01-21T05:29:59.999Z 	42025.22916666645 	43.6496324 	8.647204 	14.491000175476074 	1507.4000244140625 	38.11050033569336 	4.576590061187744 	28.5764
2015-01-21T05:34:59.999Z 	42025.23263888867 	43.6586102 	8.6386506 	14.48799991607666 	1507.4000244140625 	38.10919952392578 	4.576079845428467 	28.5763
2015-01-21T05:39:59.999Z 	42025.23611111089 	43.6685346 	8.629612 	14.473999977111816 	1507.4000244140625 	38.10860061645508 	4.574550151824951 	28.5766
2015-01-21T05:44:59.999Z 	42025.23958333311 	43.6786321 	8.6203398 	14.46399974822998 	1507.300048828125 	38.10879898071289 	4.573540210723877 	28.5808
2015-01-21T05:49:59.999Z 	42025.24305555533 	43.688874 	8.6108992 	14.449000358581543 	1507.199951171875 	38.10969924926758 	4.572010040283203 	28.5854
2015-01-21T05:54:59.999Z 	42025.24652777755 	43.6981364 	8.6019839 	14.432999610900879 	1507.199951171875 	38.11149978637695 	4.570590019226074 	28.5871
2015-01-21T05:59:59.999Z 	42025.24999999977 	43.7042267 	8.5996059 	14.413000106811523 	1507.199951171875 	38.11050033569336 	4.568349838256836 	28.5898
2015-01-21T06:04:59.999Z 	42025.253472221986 	43.7051538 	8.5988509 	14.418999671936035 	1507.199951171875 	38.111698150634766 	4.5690598487854 	28.5905
2015-01-21T06:09:59.999Z 	42025.256944444205 	43.7051564 	8.5988622 	14.416000366210938 	1507.199951171875 	38.11159896850586 	4.568749904632568 	28.5918
2015-01-21T06:14:59.999Z 	42025.260416666424 	43.7051693 	8.5988067 	14.423999786376953 	1507.199951171875 	38.11159896850586 	4.569570064544678 	28.5902
2015-01-21T06:19:59.999Z 	42025.26388888864 	43.7051882 	8.5988417 	14.418999671936035 	1507.199951171875 	38.11000061035156 	4.568960189819336 	28.5894
2015-01-21T06:24:59.999Z 	42025.26736111086 	43.7051729 	8.5988563 	14.420999526977539 	1507.199951171875 	38.11180114746094 	4.56935977935791 	28.5904
2015-01-21T06:29:59.999Z 	42025.27083333308 	43.7051716 	8.5988229 	14.420999526977539 	1507.199951171875 	38.11180114746094 	4.56935977935791 	28.5895
2015-01-21T06:34:59.999Z 	42025.2743055553 	43.7051346 	8.5988802 	14.427000045776367 	1507.199951171875 	38.11100006103516 	4.5698699951171875 	28.5878
2015-01-21T06:39:59.999Z 	42025.27777777752 	43.7051893 	8.5988809 	14.425999641418457 	1507.199951171875 	38.11149978637695 	4.569769859313965 	28.59
2015-01-21T06:44:59.999Z 	42025.28124999974 	43.7051704 	8.5988473 	14.425999641418457 	1507.199951171875 	38.110801696777344 	4.569769859313965 	28.5888
2015-01-21T06:49:59.999Z 	42025.28472222196 	43.7051707 	8.5988403 	14.425000190734863 	1507.199951171875 	38.11119842529297 	4.5696702003479 	28.5884
2015-01-21T06:54:59.999Z 	42025.288194444176 	43.7051706 	8.5988407 	14.423999786376953 	1507.199951171875 	38.110698699951165 	4.569469928741455 	28.5887
2015-01-21T06:59:59.999Z 	42025.291666666395 	43.7051579 	8.59886 	14.428000450134277 	1507.199951171875 	38.110599517822266 	4.56997013092041 	28.5872
2015-01-21T07:04:59.999Z 	42025.295138888614 	43.7051776 	8.5988441 	14.425999641418457 	1507.199951171875 	38.112701416015625 	4.56997013092041 	28.5891
2015-01-21T07:09:59.999Z 	42025.29861111083 	43.7051829 	8.5988396 	14.428000450134277 	1507.199951171875 	38.11130142211914 	4.56997013092041 	28.5883
2015-01-21T07:14:59.999Z 	42025.30208333305 	43.7051577 	8.5988642 	14.428000450134277 	1507.199951171875 	38.11159896850586 	4.570079803466797 	28.5878
2015-01-21T07:19:59.999Z 	42025.30555555527 	43.7051653 	8.5988133 	14.425999641418457 	1507.199951171875 	38.110801696777344 	4.569769859313965 	28.5873
2015-01-21T07:24:59.999Z 	42025.30902777749 	43.7051504 	8.5988179 	14.428000450134277 	1507.199951171875 	38.11159896850586 	4.570079803466797 	28.5874
2015-01-21T07:29:59.999Z 	42025.31249999971 	43.7051716 	8.5988415 	14.423999786376953 	1507.199951171875 	38.11090087890625 	4.569570064544678 	28.5878
2015-01-21T07:34:59.999Z 	42025.31597222193 	43.705177 	8.5988411 	14.425999641418457 	1507.199951171875 	38.11050033569336 	4.5696702003479 	28.5878
2015-01-21T07:39:59.999Z 	42025.31944444415 	43.705183 	8.5988194 	14.427000045776367 	1507.199951171875 	38.11100006103516 	4.5698699951171875 	28.5873
2015-01-21T07:44:59.999Z 	42025.322916666366 	43.7051731 	8.5988062 	14.428999900817871 	1507.199951171875 	38.11090087890625 	4.570079803466797 	28.5869
2015-01-21T07:49:59.999Z 	42025.326388888585 	43.7051878 	8.5988345 	14.427000045776367 	1507.199951171875 	38.11100006103516 	4.5698699951171875 	28.5881
2015-01-21T07:54:59.999Z 	42025.329861110804 	43.7051548 	8.5987848 	14.430000305175781 	1507.300048828125 	38.11140060424805 	4.570280075073242 	28.5855
2015-01-21T07:59:59.999Z 	42025.33333333302 	43.7051563 	8.5988407 	14.434000015258789 	1507.199951171875 	38.110801696777344 	4.570590019226074 	28.5867
2015-01-21T08:04:59.999Z 	42025.33680555524 	43.705137 	8.5988103 	14.428999900817871 	1507.199951171875 	38.11090087890625 	4.570079803466797 	28.5871
2015-01-21T08:09:59.999Z 	42025.34027777746 	43.7053803 	8.598504 	14.432999610900879 	1507.199951171875 	38.11149978637695 	4.570590019226074 	28.5863
2015-01-21T08:14:59.999Z 	42025.34374999968 	43.7077919 	8.5982779 	14.432000160217285 	1507.300048828125 	38.109100341796875 	4.5701799392700195 	28.5812
2015-01-21T08:19:59.999Z 	42025.3472222219 	43.7132908 	8.5892902 	14.425000190734863 	1507.199951171875 	38.112098693847656 	4.569769859313965 	28.591
2015-01-21T08:24:59.999Z 	42025.35069444412 	43.7222712 	8.5807164 	14.487000465393066 	1507.5999755859375 	38.12699890136719 	4.57790994644165 	28.5787
2015-01-21T08:29:59.999Z 	42025.35416666634 	43.7314253 	8.5724929 	14.611000061035156 	1507.9000244140625 	38.13290023803711 	4.591650009155273 	28.5631
2015-01-21T08:34:59.999Z 	42025.357638888556 	43.7403602 	8.5636225 	14.649999618530273 	1508.0 	38.12360000610351 	4.594709873199463 	28.5446
2015-01-21T08:39:59.999Z 	42025.361111110775 	43.7496489 	8.5554626 	14.708000183105469 	1508.0999755859375 	38.12480163574219 	4.601019859313965 	28.5368
2015-01-21T08:44:59.999Z 	42025.364583332994 	43.7584918 	8.546903 	14.633000373840332 	1507.9000244140625 	38.135601043701165 	4.594299793243408 	28.5634
2015-01-21T08:49:59.999Z 	42025.36805555521 	43.7676544 	8.5387901 	14.678999900817871 	1508.0999755859375 	38.10929870605469 	4.596330165863037 	28.5276
2015-01-21T08:54:59.999Z 	42025.37152777743 	43.7720641 	8.5345268 	14.690999984741211 	1508.0999755859375 	38.09859848022461 	4.596439838409424 	28.5189
2015-01-21T08:59:59.999Z 	42025.37499999965 	43.7728481 	8.5348468 	14.706999778747559 	1508.0999755859375 	38.10089874267578 	4.59837007522583 	28.5192
2015-01-21T09:04:59.999Z 	42025.37847222187 	43.7728407 	8.5348722 	14.706999778747559 	1508.0999755859375 	38.10089874267578 	4.59837007522583 	28.5191
2015-01-21T09:09:59.999Z 	42025.38194444409 	43.7728506 	8.5348991 	14.699999809265137 	1508.0999755859375 	38.103900909423835 	4.597959995269775 	28.5232
2015-01-21T09:14:59.999Z 	42025.38541666631 	43.7728702 	8.5348618 	14.6899995803833 	1508.0999755859375 	38.10279846191406 	4.596739768981934 	28.5232
2015-01-21T09:19:59.999Z 	42025.38888888853 	43.7728496 	8.5348381 	14.687999725341797 	1508.0999755859375 	38.10300064086914 	4.5965399742126465 	28.5232
2015-01-21T09:24:59.999Z 	42025.392361110746 	43.7728551 	8.5348528 	14.694000244140625 	1508.0999755859375 	38.104400634765625 	4.597350120544434 	28.5244
2015-01-21T09:29:59.999Z 	42025.395833332965 	43.7728363 	8.5348874 	14.6899995803833 	1508.0999755859375 	38.104698181152344 	4.596940040588379 	28.5238
2015-01-21T09:34:59.999Z 	42025.399305555184 	43.7728639 	8.5348471 	14.685999870300293 	1508.0999755859375 	38.10689926147461 	4.596739768981934 	28.5264
2015-01-21T09:39:59.999Z 	42025.4027777774 	43.7728526 	8.5348538 	14.687000274658203 	1508.0999755859375 	38.10649871826172 	4.596839904785156 	28.5264
2015-01-21T09:44:59.999Z 	42025.40624999962 	43.7728414 	8.5348899 	14.680999755859375 	1508.0 	38.1078987121582 	4.596330165863037 	28.5294
2015-01-21T09:49:59.999Z 	42025.40972222184 	43.7728573 	8.5348603 	14.678000450134277 	1508.0 	38.10879898071289 	4.596129894256592 	28.5301
2015-01-21T09:54:59.999Z 	42025.41319444406 	43.7728507 	8.5348667 	14.67300033569336 	1508.0 	38.11259841918945 	4.596030235290527 	28.5332
2015-01-21T09:59:59.999Z 	42025.41666666628 	43.7728661 	8.5348734 	14.677000045776367 	1508.0 	38.112998962402344 	4.596439838409424 	28.5348
2015-01-21T10:04:59.999Z 	42025.4201388885 	43.7728578 	8.5348534 	14.67199993133545 	1508.0 	38.11140060424805 	4.59581995010376 	28.5334
2015-01-21T10:09:59.999Z 	42025.42361111072 	43.7728364 	8.5348963 	14.67300033569336 	1508.0 	38.11259841918945 	4.596030235290527 	28.5352
2015-01-21T10:14:59.999Z 	42025.427083332936 	43.7728381 	8.5348538 	14.664999961853027 	1508.0 	38.114200592041016 	4.595320224761963 	28.5377
2015-01-21T10:19:59.999Z 	42025.430555555155 	43.7728452 	8.5348798 	14.666000366210938 	1508.0 	38.11539840698242 	4.59552001953125 	28.5387
2015-01-21T10:24:59.999Z 	42025.43402777737 	43.7728677 	8.5348608 	14.656999588012695 	1508.0 	38.1161003112793 	4.594709873199463 	28.5409
2015-01-21T10:29:59.999Z 	42025.43749999959 	43.7728148 	8.5348947 	14.659000396728516 	1508.0 	38.116600036621094 	4.594910144805908 	28.5416
2015-01-21T10:34:59.999Z 	42025.44097222181 	43.7728648 	8.5348599 	14.647000312805176 	1507.9000244140625 	38.117801666259766 	4.593790054321289 	28.5446
2015-01-21T10:39:59.999Z 	42025.44444444403 	43.7728694 	8.5348928 	14.640000343322754 	1507.9000244140625 	38.118999481201165 	4.593180179595947 	28.5469
2015-01-21T10:44:59.999Z 	42025.44791666625 	43.772867 	8.5348259 	14.630999565124512 	1507.9000244140625 	38.120601654052734 	4.592470169067383 	28.5486
2015-01-21T10:49:59.999Z 	42025.45138888847 	43.7727887 	8.5348548 	14.633000373840332 	1507.9000244140625 	38.11819839477539 	4.592360019683838 	28.5476
2015-01-21T10:54:59.999Z 	42025.45486111069 	43.7745036 	8.5326903 	14.654000282287598 	1508.0 	38.115699768066406 	4.594299793243408 	28.5362
2015-01-21T10:59:59.999Z 	42025.45833333291 	43.7795582 	8.5263789 	14.673999786376953 	1508.0 	38.10340118408203 	4.595109939575195 	28.5276
2015-01-21T11:04:59.999Z 	42025.461805555125 	43.7884171 	8.5202039 	14.668999671936035 	1508.0 	38.09299850463867 	4.593480110168457 	28.5187
2015-01-21T11:09:59.999Z 	42025.465277777344 	43.7967156 	8.5107392 	14.63700008392334 	1507.9000244140625 	38.093299865722656 	4.590129852294922 	28.5293
2015-01-21T11:14:59.999Z 	42025.46874999956 	43.8055077 	8.5018252 	14.592000007629395 	1507.699951171875 	38.09629821777344 	4.585750102996826 	28.5402
2015-01-21T11:19:59.999Z 	42025.47222222178 	43.8145449 	8.4929693 	14.585000038146973 	1507.699951171875 	38.12670135498047 	4.588190078735352 	28.5663
2015-01-21T11:24:59.999Z 	42025.475694444 	43.8238436 	8.4847202 	14.607999801635742 	1507.800048828125 	38.122100830078125 	4.590129852294922 	28.5579
2015-01-21T11:29:59.999Z 	42025.47916666622 	43.8329891 	8.4759644 	14.5600004196167 	1507.699951171875 	38.12889862060547 	4.585849761962891 	28.5715
2015-01-21T11:34:59.999Z 	42025.48263888844 	43.8412245 	8.4695329 	14.539999961853027 	1507.5999755859375 	38.12979888916016 	4.58381986618042 	28.5768
2015-01-21T11:39:59.999Z 	42025.48611111066 	43.84287 	8.4681304 	14.550000190734863 	1507.5999755859375 	38.12779998779297 	4.584630012512207 	28.5758
2015-01-21T11:44:59.999Z 	42025.48958333288 	43.8419999 	8.4676864 	14.529999732971191 	1507.5999755859375 	38.12969970703125 	4.582699775695801 	28.5798
2015-01-21T11:49:59.999Z 	42025.493055555096 	43.8420046 	8.46771 	14.527999877929688 	1507.5999755859375 	38.13010025024414 	4.582590103149414 	28.5814
2015-01-21T11:54:59.999Z 	42025.496527777315 	43.8419964 	8.4676364 	14.536999702453613 	1507.5999755859375 	38.13069915771484 	4.5836100578308105 	28.5796
2015-01-21T11:59:59.999Z 	42025.499999999534 	43.8419908 	8.4676466 	14.543000221252441 	1507.5999755859375 	38.12990188598633 	4.58411979675293 	28.5779
2015-01-21T12:04:59.999Z 	42025.50347222175 	43.8419983 	8.4676377 	14.538999557495117 	1507.5999755859375 	38.131500244140625 	4.583920001983643 	28.5765
2015-01-21T12:09:59.999Z 	42025.50694444397 	43.841998 	8.4677069 	14.541000366210938 	1507.5999755859375 	38.13199996948242 	4.58411979675293 	28.5796
2015-01-21T12:14:59.999Z 	42025.51041666619 	43.8419868 	8.4676687 	14.545999526977539 	1507.5999755859375 	38.13410186767578 	4.584939956665039 	28.5804
2015-01-21T12:19:59.999Z 	42025.51388888841 	43.8420021 	8.4676411 	14.541000366210938 	1507.5999755859375 	38.133201599121094 	4.584320068359375 	28.5793
2015-01-21T12:24:59.999Z 	42025.51736111063 	43.8420034 	8.4676641 	14.54699993133545 	1507.5999755859375 	38.133399963378906 	4.584939956665039 	28.5787
2015-01-21T12:29:59.999Z 	42025.52083333285 	43.841995 	8.4676333 	14.550999641418457 	1507.5999755859375 	38.13470077514649 	4.585440158843994 	28.5788
2015-01-21T12:34:59.999Z 	42025.52430555507 	43.8420084 	8.4676412 	14.550000190734863 	1507.5999755859375 	38.137298583984375 	4.5856499671936035 	28.5814
2015-01-21T12:39:59.999Z 	42025.527777777286 	43.8420072 	8.4676581 	14.557000160217285 	1507.5999755859375 	38.13710021972656 	4.586359977722168 	28.5806
2015-01-21T12:44:59.999Z 	42025.531249999505 	43.841996 	8.4676547 	14.552000045776367 	1507.5999755859375 	38.13719940185547 	4.585849761962891 	28.581
2015-01-21T12:49:59.999Z 	42025.534722221724 	43.8420008 	8.4676679 	14.553000450134277 	1507.699951171875 	38.135799407958984 	4.585849761962891 	28.5778
2015-01-21T12:54:59.999Z 	42025.53819444394 	43.8419894 	8.4676804 	14.550999641418457 	1507.699951171875 	38.13570022583008 	4.585549831390381 	28.5789
2015-01-21T12:59:59.999Z 	42025.54166666616 	43.8419938 	8.4676541 	14.552000045776367 	1507.5999755859375 	38.13520050048828 	4.5856499671936035 	28.5797
2015-01-21T13:04:59.999Z 	42025.54513888838 	43.8419989 	8.4676051 	14.553000450134277 	1507.699951171875 	38.135799407958984 	4.585849761962891 	28.579
2015-01-21T13:09:59.999Z 	42025.5486111106 	43.8420118 	8.4676478 	14.54800033569336 	1507.5999755859375 	38.1348991394043 	4.585239887237549 	28.5799
2015-01-21T13:14:59.999Z 	42025.55208333282 	43.8419956 	8.4676142 	14.545999526977539 	1507.5999755859375 	38.13479995727539 	4.584939956665039 	28.5806
2015-01-21T13:19:59.999Z 	42025.55555555504 	43.8425477 	8.4674564 	14.557999610900879 	1507.5999755859375 	38.135501861572266 	4.586259841918945 	28.5802
2015-01-21T13:24:59.999Z 	42025.55902777726 	43.8442827 	8.4668903 	14.543999671936035 	1507.5999755859375 	38.136199951171875 	4.584939956665039 	28.5819
2015-01-21T13:29:59.999Z 	42025.562499999476 	43.8502643 	8.462295 	14.505000114440918 	1507.4000244140625 	38.139301300048835 	4.5810699462890625 	28.5965
2015-01-21T13:34:59.999Z 	42025.565972221695 	43.8589121 	8.4530492 	14.503999710083008 	1507.5 	38.14569854736328 	4.581679821014404 	28.5961
2015-01-21T13:39:59.999Z 	42025.569444443914 	43.867569 	8.4431229 	14.592000007629395 	1507.800048828125 	38.13809967041016 	4.5902299880981445 	28.5692
2015-01-21T13:44:59.999Z 	42025.57291666613 	43.8766611 	8.4343625 	14.678000450134277 	1508.0999755859375 	38.11920166015625 	4.597249984741211 	28.5369
2015-01-21T13:49:59.999Z 	42025.57638888835 	43.8859972 	8.4257996 	14.744000434875488 	1508.300048828125 	38.11579895019531 	4.603869915008545 	28.519
2015-01-21T13:54:59.999Z 	42025.57986111057 	43.8952165 	8.4165674 	14.71500015258789 	1508.0999755859375 	38.10760116577149 	4.599899768829346 	28.5267
2015-01-21T13:59:59.999Z 	42025.58333333279 	43.9038224 	8.4067956 	14.640999794006348 	1507.9000244140625 	38.11100006103516 	4.592470169067383 	28.5392
2015-01-21T14:04:59.999Z 	42025.58680555501 	43.9105081 	8.4022854 	14.678999900817871 	1508.0999755859375 	38.14820098876953 	4.600510120391846 	28.5592
2015-01-21T14:09:59.999Z 	42025.59027777723 	43.9111298 	8.4018729 	14.699999809265137 	1508.0999755859375 	38.15610122680664 	4.603559970855713 	28.5629
2015-01-21T14:14:59.999Z 	42025.59374999945 	43.9111303 	8.401898 	14.684000015258789 	1508.0999755859375 	38.15570068359375 	4.601830005645752 	28.5657
2015-01-21T14:19:59.999Z 	42025.597222221666 	43.9111316 	8.401897 	14.663999557495117 	1508.0 	38.15570068359375 	4.599689960479736 	28.5692
2015-01-21T14:24:59.999Z 	42025.600694443885 	43.9111288 	8.4019113 	14.67300033569336 	1508.0999755859375 	38.15530014038086 	4.60060977935791 	28.5684
2015-01-21T14:29:59.999Z 	42025.604166666104 	43.9111361 	8.4018673 	14.66100025177002 	1508.0 	38.1526985168457 	4.5990800857543945 	28.5677
2015-01-21T14:34:59.999Z 	42025.60763888832 	43.9111375 	8.4019318 	14.663000106811523 	1508.0 	38.15230178833008 	4.599180221557617 	28.569
2015-01-21T14:39:59.999Z 	42025.61111111054 	43.9111323 	8.4018512 	14.652000427246094 	1508.0 	38.15119934082031 	4.597959995269775 	28.5672
2015-01-21T14:44:59.999Z 	42025.61458333276 	43.9111304 	8.4018838 	14.645000457763672 	1507.9000244140625 	38.14929962158203 	4.596950054168701 	28.5705
2015-01-21T14:49:59.999Z 	42025.61805555498 	43.9114918 	8.4018015 	14.545999526977539 	1507.5999755859375 	38.130001068115234 	4.58443021774292 	28.5769
2015-01-21T14:54:59.999Z 	42025.6215277772 	43.9117899 	8.4042433 	14.552000045776367 	1507.5999755859375 	38.12480163574219 	4.584529876708984 	28.5729
2015-01-21T14:59:59.999Z 	42025.62499999942 	43.9046586 	8.4129678 	14.609999656677246 	1507.9000244140625 	38.12409973144531 	4.590630054473877 	28.5493
2015-01-21T15:04:59.999Z 	42025.62847222164 	43.8954269 	8.421155 	14.626999855041504 	1507.9000244140625 	38.1161003112793 	4.591549873352051 	28.5454
2015-01-21T15:09:59.999Z 	42025.631944443856 	43.884606 	8.4301906 	14.732999801635742 	1508.199951171875 	38.11909866333008 	4.603050231933594 	28.5261
2015-01-21T15:14:59.999Z 	42025.635416666075 	43.8715414 	8.4408771 	14.666000366210938 	1508.0 	38.12609863281249 	4.596739768981934 	28.5497
2015-01-21T15:19:59.999Z 	42025.638888888294 	43.8580184 	8.4525882 	14.543999671936035 	1507.5999755859375 	38.14759826660156 	4.586160182952881 	28.5952
2015-01-21T15:24:59.999Z 	42025.64236111051 	43.8450744 	8.4650754 	14.505999565124512 	1507.5 	38.14070129394531 	4.581369876861572 	28.5926
2015-01-21T15:29:59.999Z 	42025.64583333273 	43.8321121 	8.4776747 	14.555000305175781 	1507.699951171875 	38.12519836425781 	4.584939956665039 	28.5697
2015-01-21T15:34:59.999Z 	42025.64930555495 	43.8191286 	8.4905234 	14.5649995803833 	1507.5999755859375 	38.132598876953125 	4.586770057678223 	28.5813
2015-01-21T15:39:59.999Z 	42025.65277777717 	43.8062998 	8.5029212 	14.602999687194824 	1507.800048828125 	38.09170150756836 	4.586359977722168 	28.5302
2015-01-21T15:44:59.999Z 	42025.65624999939 	43.7934282 	8.5156182 	14.666000366210938 	1507.9000244140625 	38.11349868774414 	4.595320224761963 	28.5401
2015-01-21T15:49:59.999Z 	42025.65972222161 	43.7806142 	8.5279062 	14.532999992370605 	1507.4000244140625 	38.13859939575195 	4.584020137786865 	28.6008
2015-01-21T15:54:59.999Z 	42025.66319444383 	43.7680819 	8.5394778 	14.484000205993652 	1507.4000244140625 	38.119998931884766 	4.576789855957031 	28.5846
2015-01-21T15:59:59.999Z 	42025.666666666046 	43.7552146 	8.551317 	14.430999755859375 	1507.300048828125 	38.15549850463867 	4.57505989074707 	28.6215
2015-01-21T16:04:59.999Z 	42025.670138888265 	43.7426304 	8.5633974 	14.62399959564209 	1507.9000244140625 	38.152801513671875 	4.595109939575195 	28.5802
2015-01-21T16:09:59.999Z 	42025.673611110484 	43.7297883 	8.5752791 	14.503000259399414 	1507.4000244140625 	38.151100158691406 	4.582190036773682 	28.6085
2015-01-21T16:14:59.999Z 	42025.6770833327 	43.7168761 	8.5869679 	14.468999862670898 	1507.4000244140625 	38.108699798583984 	4.574049949645996 	28.5753
2015-01-21T16:19:59.999Z 	42025.68055555492 	43.7041437 	8.5982983 	14.510000228881836 	1507.5 	38.11090087890625 	4.578629970550537 	28.5692
2015-01-21T16:24:59.999Z 	42025.68402777714 	43.6916164 	8.6095969 	14.498000144958496 	1507.4000244140625 	38.11190032958984 	4.577400207519531 	28.573
2015-01-21T16:29:59.999Z 	42025.68749999936 	43.6788026 	8.621675 	14.479000091552734 	1507.300048828125 	38.13460159301758 	4.57790994644165 	28.6025
2015-01-21T16:34:59.999Z 	42025.69097222158 	43.6661949 	8.633626 	14.501999855041504 	1507.199951171875 	38.12110137939453 	4.578829765319824 	28.5982
2015-01-21T16:39:59.999Z 	42025.6944444438 	43.6534567 	8.6456229 	14.378000259399414 	1506.800048828125 	38.12689971923828 	4.566410064697266 	28.6294
2015-01-21T16:44:59.999Z 	42025.69791666602 	43.6408234 	8.6576743 	14.35099983215332 	1506.800048828125 	38.12239837646484 	4.563049793243408 	28.6285
2015-01-21T16:49:59.999Z 	42025.701388888236 	43.6283547 	8.6695563 	14.326000213623047 	1506.800048828125 	38.112300872802734 	4.559390068054199 	28.6161
2015-01-21T16:54:59.999Z 	42025.704861110455 	43.616076 	8.6811081 	14.369999885559082 	1506.9000244140625 	38.11709976196289 	4.564479827880859 	28.6167
2015-01-21T16:59:59.999Z 	42025.708333332674 	43.6039046 	8.6926453 	14.354000091552734 	1506.800048828125 	38.124698638916016 	4.5636701583862305 	28.6248
2015-01-21T17:04:59.999Z 	42025.71180555489 	43.5917929 	8.7041942 	14.303000450134277 	1506.5999755859375 	38.13010025024414 	4.558780193328857 	28.6437
2015-01-21T17:09:59.999Z 	42025.71527777711 	43.5795218 	8.7160486 	14.258000373840332 	1506.5 	38.13140106201172 	4.554200172424316 	28.6521
2015-01-21T17:14:59.999Z 	42025.71874999933 	43.5670265 	8.7281342 	14.218999862670898 	1506.4000244140625 	38.132301330566406 	4.550230026245117 	28.6609
2015-01-21T17:19:59.999Z 	42025.72222222155 	43.5544578 	8.7403707 	14.206999778747559 	1506.4000244140625 	38.124900817871094 	4.5482001304626465 	28.6555
2015-01-21T17:24:59.999Z 	42025.72569444377 	43.5416248 	8.7522647 	14.22599983215332 	1506.4000244140625 	38.122501373291016 	4.549930095672607 	28.6506
2015-01-21T17:29:59.999Z 	42025.72916666599 	43.5288047 	8.7639682 	14.22700023651123 	1506.4000244140625 	38.122699737548835 	4.55003023147583 	28.6509
2015-01-21T17:34:59.999Z 	42025.73263888821 	43.5162383 	8.7753085 	14.22599983215332 	1506.4000244140625 	38.115699768066406 	4.549210071563721 	28.6461
2015-01-21T17:39:59.999Z 	42025.736111110426 	43.5032968 	8.7872611 	14.246000289916992 	1506.5 	38.11640167236328 	4.551350116729736 	28.642
2015-01-21T17:44:59.999Z 	42025.739583332645 	43.4902069 	8.799146 	14.295000076293945 	1506.699951171875 	38.115699768066406 	4.5564398765563965 	28.6271
2015-01-21T17:49:59.999Z 	42025.74305555486 	43.4774248 	8.8109212 	14.36299991607666 	1506.800048828125 	38.11349868774414 	4.563360214233398 	28.6158
2015-01-21T17:54:59.999Z 	42025.74652777708 	43.4645838 	8.8225969 	14.418999671936035 	1507.0 	38.12220001220703 	4.5701799392700195 	28.61
2015-01-21T17:59:59.999Z 	42025.7499999993 	43.4516944 	8.8344958 	14.258000373840332 	1505.0999755859375 	37.033599853515625 	4.437170028686523 	27.8107
2015-01-21T18:04:59.999Z 	42025.75347222152 	43.4389547 	8.8464524 	14.187000274658203 	1505.199951171875 	37.199100494384766 	4.447549819946289 	27.9466
2015-01-21T18:09:59.999Z 	42025.75694444374 	43.4263787 	8.8585325 	14.168999671936035 	1505.0 	37.10689926147461 	4.435850143432617 	27.8778
2015-01-21T18:14:59.999Z 	42025.76041666596 	43.4138555 	8.8704818 	14.173999786376953 	1505.300048828125 	37.313499450683594 	4.458439826965332 	28.0379
2015-01-21T18:19:59.999Z 	42025.76388888818 	43.4017884 	8.8824524 	14.166000366210938 	1505.4000244140625 	37.42770004272461 	4.46973991394043 	28.1278
2015-01-21T18:24:59.999Z 	42025.7673611104 	43.3905283 	8.8949702 	14.175000190734863 	1505.5999755859375 	37.59379959106445 	4.4883599281311035 	28.2551
2015-01-21T18:29:59.999Z 	42025.770833332615 	43.379349 	8.9068208 	14.168999671936035 	1505.5999755859375 	37.6067008972168 	4.489069938659668 	28.2632
2015-01-21T18:34:59.999Z 	42025.774305554834 	43.3703135 	8.915545 	14.182000160217285 	1505.5999755859375 	37.62229919433594 	4.492119789123535 	28.2757
2015-01-21T18:39:59.999Z 	42025.77777777705 	43.3631021 	8.9210877 	14.178000450134277 	1505.699951171875 	37.64080047607422 	4.493649959564209 	28.2897
2015-01-21T18:44:59.999Z 	42025.78124999927 	43.3555157 	8.9268761 	14.175000190734863 	1505.800048828125 	37.75170135498047 	4.505149841308594 	28.3778
2015-01-21T18:49:59.999Z 	42025.78472222149 	43.3460647 	8.9353409 	14.262999534606934 	1506.0999755859375 	37.70880126953125 	4.509729862213135 	28.3207
2015-01-21T18:54:59.999Z 	42025.78819444371 	43.3357648 	8.9444375 	14.288999557495117 	1506.199951171875 	37.81129837036133 	4.523359775543213 	28.3993
2015-01-21T18:59:59.999Z 	42025.79166666593 	43.325417 	8.9533986 	14.25 	1506.0 	37.78799819946289 	4.516849994659424 	28.3908
2015-01-21T19:04:59.999Z 	42025.79513888815 	43.3152166 	8.9630167 	14.243000030517578 	1506.199951171875 	37.88570022583008 	4.526519775390625 	28.4653
2015-01-21T19:09:59.999Z 	42025.79861111037 	43.3071613 	8.9704338 	14.470000267028809 	1507.0 	37.81800079345703 	4.543099880218506 	28.3513
2015-01-21T19:14:59.999Z 	42025.802083332586 	43.303966 	8.9731056 	14.593999862670898 	1507.300048828125 	37.859500885009766 	4.560510158538818 	28.3647
2015-01-21T19:19:59.999Z 	42025.805555554805 	43.3032569 	8.9727577 	14.605999946594238 	1507.4000244140625 	37.875701904296875 	4.5635600090026855 	28.3764
2015-01-21T19:24:59.999Z 	42025.809027777024 	43.3032232 	8.9727734 	14.607999801635742 	1507.4000244140625 	37.89550018310547 	4.565899848937988 	28.3932
2015-01-21T19:29:59.999Z 	42025.81249999924 	43.3032637 	8.9727934 	14.597000122070312 	1507.300048828125 	37.885501861572266 	4.563660144805908 	28.3882
2015-01-21T19:34:59.999Z 	42025.81597222146 	43.3032454 	8.9727853 	14.576000213623047 	1507.300048828125 	37.96080017089844 	4.569459915161133 	28.4521
2015-01-21T19:39:59.999Z 	42025.81944444368 	43.3032805 	8.9727745 	14.564000129699707 	1507.300048828125 	37.979400634765625 	4.570280075073242 	28.4675
2015-01-21T19:44:59.999Z 	42025.8229166659 	43.3032652 	8.9727784 	14.5649995803833 	1507.300048828125 	37.98059844970703 	4.570479869842529 	28.4685
2015-01-21T19:49:59.999Z 	42025.82638888812 	43.3032686 	8.9727792 	14.550999641418457 	1507.4000244140625 	38.04090118408203 	4.575469970703125 	28.5179
2015-01-21T19:54:59.999Z 	42025.82986111034 	43.3032624 	8.9727849 	14.597000122070312 	1507.5999755859375 	38.016498565673835 	4.577710151672363 	28.478
2015-01-21T19:59:59.999Z 	42025.83333333256 	43.3032697 	8.972785 	14.637999534606934 	1507.699951171875 	38.05009841918945 	4.5856499671936035 	28.5043
2015-01-21T20:04:59.999Z 	42025.836805554776 	43.3032482 	8.9727528 	14.701000213623047 	1507.800048828125 	38.06159973144531 	4.593480110168457 	28.5081
2015-01-21T20:09:59.999Z 	42025.840277776995 	43.3032602 	8.972782 	14.684000015258789 	1507.9000244140625 	38.084598541259766 	4.594200134277344 	28.5216
2015-01-21T20:14:59.999Z 	42025.843749999214 	43.3032712 	8.9727793 	14.694999694824219 	1507.9000244140625 	38.09550094604492 	4.5965399742126465 	28.5284
2015-01-21T20:19:59.999Z 	42025.84722222143 	43.3032671 	8.9727795 	14.71399974822998 	1507.9000244140625 	38.09880065917969 	4.598879814147949 	28.5282
2015-01-21T20:24:59.999Z 	42025.85069444365 	43.3032521 	8.9727681 	14.729999542236328 	1508.0999755859375 	38.08399963378906 	4.598979949951172 	28.5075
2015-01-21T20:29:59.999Z 	42025.85416666587 	43.3032821 	8.9727593 	14.697999954223633 	1507.9000244140625 	38.095600128173835 	4.596839904785156 	28.529
2015-01-21T20:34:59.999Z 	42025.85763888809 	43.3032566 	8.9727727 	14.692999839782715 	1507.9000244140625 	38.095600128173835 	4.596330165863037 	28.5277
2015-01-21T20:39:59.999Z 	42025.86111111031 	43.3032667 	8.9727978 	14.706999778747559 	1508.0 	38.097801208496094 	4.597959995269775 	28.526
2015-01-21T20:44:59.999Z 	42025.86458333253 	43.3032666 	8.9728041 	14.690999984741211 	1507.9000244140625 	38.10049819946289 	4.596640110015869 	28.5308
2015-01-21T20:49:59.999Z 	42025.86805555475 	43.3032539 	8.9728076 	14.687000274658203 	1507.9000244140625 	38.09989929199219 	4.596129894256592 	28.5302
2015-01-21T20:54:59.999Z 	42025.871527776966 	43.2989861 	8.9777192 	14.678000450134277 	1507.800048828125 	38.09930038452149 	4.595109939575195 	28.5384
2015-01-21T20:59:59.999Z 	42025.874999999185 	43.2897717 	8.9857954 	14.708999633789062 	1508.0 	38.090301513671875 	4.597449779510498 	28.5173
2015-01-21T21:04:59.999Z 	42025.878472221404 	43.2801731 	8.9954098 	14.795000076293945 	1508.199951171875 	38.08290100097656 	4.6057000160217285 	28.4933
2015-01-21T21:09:59.999Z 	42025.88194444362 	43.2700305 	9.004797 	14.805999755859375 	1508.199951171875 	38.0796012878418 	4.606510162353516 	28.4906
2015-01-21T21:14:59.999Z 	42025.88541666584 	43.2594787 	9.0141705 	14.781000137329102 	1508.199951171875 	38.08620071411133 	4.604579925537109 	28.5015
2015-01-21T21:19:59.999Z 	42025.88888888806 	43.2490984 	9.0243561 	14.760000228881836 	1508.0999755859375 	38.09149932861328 	4.602950096130371 	28.5109
2015-01-21T21:24:59.999Z 	42025.89236111028 	43.2390057 	9.0335213 	14.743000030517578 	1508.0999755859375 	38.09370040893555 	4.601419925689697 	28.5159
2015-01-21T21:29:59.999Z 	42025.8958333325 	43.2336595 	9.0384233 	14.72599983215332 	1508.0 	38.09659957885742 	4.599899768829346 	28.521
2015-01-21T21:34:59.999Z 	42025.89930555472 	43.2331225 	9.0380668 	14.734000205993652 	1508.0 	38.096900939941406 	4.6008100509643555 	28.52
2015-01-21T21:39:59.999Z 	42025.90277777694 	43.2331091 	9.038074 	14.727999687194824 	1508.0 	38.09550094604492 	4.599999904632568 	28.5179
2015-01-21T21:44:59.999Z 	42025.906249999156 	43.2331199 	9.0380883 	14.727999687194824 	1508.0 	38.09930038452149 	4.600399971008301 	28.5227
2015-01-21T21:49:59.999Z 	42025.909722221375 	43.2330892 	9.038035 	14.734000205993652 	1508.0 	38.097599029541016 	4.6008100509643555 	28.5213
2015-01-21T21:54:59.999Z 	42025.913194443594 	43.2331031 	9.0380496 	14.72700023651123 	1508.0 	38.09809875488281 	4.600200176239014 	28.5217
2015-01-21T21:59:59.999Z 	42025.91666666581 	43.2330944 	9.0380604 	14.722999572753906 	1508.0 	38.099998474121094 	4.599899768829346 	28.5225
2015-01-21T22:04:59.999Z 	42025.92013888803 	43.2331348 	9.038017 	14.725000381469727 	1508.0 	38.10200119018555 	4.600399971008301 	28.5274
2015-01-21T22:09:59.999Z 	42025.92361111025 	43.2330956 	9.0380509 	14.730999946594238 	1508.0999755859375 	38.09939956665039 	4.600709915161133 	28.5182
2015-01-21T22:14:59.999Z 	42025.92708333247 	43.2331019 	9.0380316 	14.729000091552734 	1508.0 	38.09960174560547 	4.600510120391846 	28.5257
2015-01-21T22:19:59.999Z 	42025.93055555469 	43.2330863 	9.0380582 	14.711999893188477 	1508.0 	38.097999572753906 	4.598569869995117 	28.5205
2015-01-21T22:24:59.999Z 	42025.93402777691 	43.2331524 	9.0380553 	14.722000122070312 	1508.0999755859375 	38.10260009765625 	4.600100040435791 	28.519
2015-01-21T22:29:59.999Z 	42025.93749999913 	43.2331392 	9.0380432 	14.711000442504883 	1508.0 	38.10340118408203 	4.5990800857543945 	28.5297
2015-01-21T22:34:59.999Z 	42025.940972221346 	43.2331264 	9.0380139 	14.71500015258789 	1508.0 	38.099998474121094 	4.5990800857543945 	28.5236
2015-01-21T22:39:59.999Z 	42025.944444443565 	43.2331336 	9.0379979 	14.71399974822998 	1508.0 	38.100399017333984 	4.598979949951172 	28.5241
2015-01-21T22:44:59.999Z 	42025.947916665784 	43.2331357 	9.0379891 	14.710000038146973 	1508.0 	38.099098205566406 	4.598470211029053 	28.5256
2015-01-21T22:49:59.999Z 	42025.951388888 	43.2331271 	9.0380024 	14.711000442504883 	1508.0 	38.10340118408203 	4.5990800857543945 	28.5282
2015-01-21T22:54:59.999Z 	42025.95486111022 	43.2330918 	9.0379945 	14.710000038146973 	1508.0999755859375 	38.102901458740234 	4.598879814147949 	28.5238
2015-01-21T22:59:59.999Z 	42025.95833333244 	43.2331343 	9.0379644 	14.706999778747559 	1507.9000244140625 	38.102500915527344 	4.598470211029053 	28.5313
2015-01-21T23:04:59.999Z 	42025.96180555466 	43.2331459 	9.0380014 	14.689000129699707 	1507.9000244140625 	38.10350036621094 	4.596739768981934 	28.5334
2015-01-21T23:09:59.999Z 	42025.96527777688 	43.2304893 	9.0409528 	14.713000297546387 	1508.0 	38.10110092163086 	4.598979949951172 	28.5279
2015-01-21T23:14:59.999Z 	42025.9687499991 	43.221424 	9.0489491 	14.689000129699707 	1508.0 	38.108299255371094 	4.597249984741211 	28.5351
2015-01-21T23:19:59.999Z 	42025.97222222132 	43.2110184 	9.0588672 	14.736000061035156 	1508.0999755859375 	38.10129928588867 	4.601419925689697 	28.5212
2015-01-21T23:24:59.999Z 	42025.975694443536 	43.2008452 	9.0694913 	14.76099967956543 	1508.0999755859375 	38.09939956665039 	4.603869915008545 	28.5176
2015-01-21T23:29:59.999Z 	42025.979166665755 	43.1905577 	9.0793705 	14.748000144958496 	1508.0999755859375 	38.1057014465332 	4.603149890899658 	28.5206
2015-01-21T23:34:59.999Z 	42025.982638887974 	43.1821796 	9.0877393 	14.656000137329102 	1507.800048828125 	38.112998962402344 	4.594299793243408 	28.5515
2015-01-21T23:39:59.999Z 	42025.98611111019 	43.1773975 	9.0904256 	14.54699993133545 	1507.4000244140625 	38.11629867553711 	4.583099842071533 	28.5767
2015-01-21T23:44:59.999Z 	42025.98958333241 	43.1769773 	9.0903439 	14.529999732971191 	1507.4000244140625 	38.116600036621094 	4.581369876861572 	28.5782
2015-01-21T23:49:59.999Z 	42025.99305555463 	43.1769485 	9.0903293 	14.527999877929688 	1507.4000244140625 	38.11650085449219 	4.5810699462890625 	28.5782
2015-01-21T23:54:59.999Z 	42025.99652777685 	43.1769223 	9.0903364 	14.524999618530273 	1507.4000244140625 	38.117401123046875 	4.580860137939453 	28.5782
2015-01-21T23:59:59.999Z 	42025.99999999907 	43.1769421 	9.0903445 					
