time 	latitude 	longitude 	water temperature 	water sound speed 	water salinity 	water conductivity 	anomaly of water mass density
2015-01-13T00:00:00.000Z 	42017.0 	41.9112295 	4.7844211 	13.307999610900879 	1505.0999755859375 	38.310298919677734 	4.517980098724365 	28.8958
2015-01-13T00:04:59.999Z 	42017.00347222222 	41.9200712 	4.7733895 	13.291999816894531 	1505.0999755859375 	38.307498931884766 	4.516039848327637 	28.897
2015-01-13T00:09:59.999Z 	42017.00694444444 	41.9291681 	4.7621555 	13.303000450134277 	1505.0999755859375 	38.31520080566406 	4.517980098724365 	28.9008
2015-01-13T00:14:59.999Z 	42017.01041666666 	41.9388606 	4.7494335 	13.303999900817871 	1505.0999755859375 	38.3213005065918 	4.51869010925293 	28.9053
2015-01-13T00:19:59.999Z 	42017.013888888876 	41.9491462 	4.7354978 	13.309000015258789 	1505.0999755859375 	38.32509994506836 	4.5196099281311035 	28.907
2015-01-13T00:24:59.999Z 	42017.017361111095 	41.9594427 	4.7212378 	13.310999870300293 	1505.0999755859375 	38.322898864746094 	4.5192999839782715 	28.9051
2015-01-13T00:29:59.999Z 	42017.020833333314 	41.9697946 	4.706983 	13.371999740600586 	1505.300048828125 	38.30860137939453 	4.523680210113525 	28.881
2015-01-13T00:34:59.999Z 	42017.02430555553 	41.9803411 	4.6932836 	13.387999534606934 	1505.4000244140625 	38.29710006713867 	4.5246901512146 	28.8689
2015-01-13T00:39:59.999Z 	42017.02777777775 	41.9904739 	4.6787441 	13.543000221252441 	1505.800048828125 	38.25669860839844 	4.5347700119018555 	28.8047
2015-01-13T00:44:59.999Z 	42017.03124999997 	41.9981686 	4.6669332 	13.576000213623047 	1505.9000244140625 	38.24599838256836 	4.539649963378906 	28.7894
2015-01-13T00:49:59.999Z 	42017.03472222219 	41.9986082 	4.6615176 	13.555999755859375 	1505.9000244140625 	38.2504997253418 	4.538119792938232 	28.7971
2015-01-13T00:54:59.999Z 	42017.03819444441 	41.996783 	4.6602278 	13.550000190734863 	1505.800048828125 	38.25320053100586 	4.537509918212891 	28.8005
2015-01-13T00:59:59.999Z 	42017.04166666663 	41.9966477 	4.6603171 	13.557000160217285 	1505.9000244140625 	38.252201080322266 	4.537409782409668 	28.7983
2015-01-13T01:04:59.999Z 	42017.04513888885 	41.9966453 	4.6602959 	13.559000015258789 	1505.9000244140625 	38.253700256347656 	4.537720203399658 	28.7988
2015-01-13T01:09:59.999Z 	42017.048611111066 	41.9966567 	4.6603209 	13.559000015258789 	1505.9000244140625 	38.25210189819336 	4.537919998168945 	28.7978
2015-01-13T01:14:59.999Z 	42017.052083333285 	41.9966459 	4.6602981 	13.562999725341797 	1505.9000244140625 	38.25139999389649 	4.537919998168945 	28.7963
2015-01-13T01:19:59.999Z 	42017.055555555504 	41.9966466 	4.6602861 	13.569000244140625 	1505.9000244140625 	38.2505989074707 	4.538430213928223 	28.7945
2015-01-13T01:24:59.999Z 	42017.05902777772 	41.9966485 	4.660294 	13.571999549865723 	1505.9000244140625 	38.25019836425781 	4.5393500328063965 	28.7933
2015-01-13T01:29:59.999Z 	42017.06249999994 	41.9966504 	4.6602957 	13.567999839782715 	1505.9000244140625 	38.25130081176758 	4.539239883422852 	28.7951
2015-01-13T01:34:59.999Z 	42017.06597222216 	41.9966406 	4.6602948 	13.574000358581543 	1505.9000244140625 	38.24919891357422 	4.538430213928223 	28.7921
2015-01-13T01:39:59.999Z 	42017.06944444438 	41.996643 	4.6603151 	13.57800006866455 	1505.9000244140625 	38.247501373291016 	4.538839817047119 	28.7901
2015-01-13T01:44:59.999Z 	42017.0729166666 	41.9966365 	4.6602966 	13.57699966430664 	1505.9000244140625 	38.247798919677734 	4.539239883422852 	28.7905
2015-01-13T01:49:59.999Z 	42017.07638888882 	41.9966369 	4.660306 	13.604000091552734 	1506.0 	38.24720001220703 	4.539549827575684 	28.7842
2015-01-13T01:54:59.999Z 	42017.07986111104 	41.9966534 	4.6603142 	13.581999778747559 	1505.9000244140625 	38.24620056152344 	4.539450168609619 	28.7883
2015-01-13T01:59:59.999Z 	42017.083333333256 	41.996633 	4.6602877 	13.581999778747559 	1505.9000244140625 	38.24549865722656 	4.539450168609619 	28.7876
2015-01-13T02:04:59.999Z 	42017.086805555475 	41.99665 	4.6602998 	13.598999977111816 	1506.0 	38.23870086669922 	4.542809963226318 	28.7788
2015-01-13T02:09:59.999Z 	42017.090277777694 	41.9966417 	4.6603072 	13.593000411987305 	1506.0 	38.24330139160156 	4.539959907531738 	28.7835
2015-01-13T02:14:59.999Z 	42017.09374999991 	41.9966414 	4.6602985 	13.61299991607666 	1506.0 	38.24169921875 	4.5409698486328125 	28.7781
2015-01-13T02:19:59.999Z 	42017.09722222213 	41.9966517 	4.6603108 	13.595999717712402 	1506.0 	38.2411994934082 	4.539959907531738 	28.7815
2015-01-13T02:24:59.999Z 	42017.10069444435 	41.9966441 	4.6602788 	13.595999717712402 	1506.0 	38.241600036621094 	4.540359973907471 	28.7817
2015-01-13T02:29:59.999Z 	42017.10416666657 	41.9966538 	4.6603162 	13.630000114440918 	1506.0999755859375 	38.24079895019531 	4.540870189666748 	28.7737
2015-01-13T02:34:59.999Z 	42017.10763888879 	41.9966439 	4.6602852 	13.60099983215332 	1506.0 	38.24079895019531 	4.540870189666748 	28.78
2015-01-13T02:39:59.999Z 	42017.11111111101 	41.9967728 	4.6605009 	13.605999946594238 	1506.0 	38.23789978027344 	4.541379928588867 	28.7766
2015-01-13T02:44:59.999Z 	42017.11458333323 	41.9987473 	4.6575236 	13.592000007629395 	1506.0 	38.24029922485351 	4.540160179138184 	28.7815
2015-01-13T02:49:59.999Z 	42017.118055555446 	41.9998178 	4.6538647 	13.583000183105469 	1505.9000244140625 	38.24449920654297 	4.5390400886535645 	28.7867
2015-01-13T02:54:59.999Z 	42017.121527777665 	41.9991663 	4.6535427 	13.59000015258789 	1506.0 	38.24530029296875 	4.540460109710693 	28.7858
2015-01-13T02:59:59.999Z 	42017.12499999988 	41.9976091 	4.6535427 	13.574999809265137 	1505.9000244140625 	38.24720001220703 	4.538730144500732 	28.7905
2015-01-13T03:04:59.999Z 	42017.1284722221 	41.994249 	4.6468493 	13.583000183105469 	1505.9000244140625 	38.245601654052734 	4.539750099182129 	28.7875
2015-01-13T03:09:59.999Z 	42017.13194444432 	41.9863022 	4.6392668 	13.597999572753906 	1506.0 	38.23809814453125 	4.539549827575684 	28.7785
2015-01-13T03:14:59.999Z 	42017.13541666654 	41.9787889 	4.6307816 	13.621999740600586 	1506.0999755859375 	38.23229980468751 	4.541689872741699 	28.7689
2015-01-13T03:19:59.999Z 	42017.13888888876 	41.9709034 	4.6218699 	13.626999855041504 	1506.0999755859375 	38.230499267578125 	4.542600154876709 	28.7665
2015-01-13T03:24:59.999Z 	42017.14236111098 	41.9619563 	4.6114922 	13.62600040435791 	1506.0999755859375 	38.2317008972168 	4.542809963226318 	28.7677
2015-01-13T03:29:59.999Z 	42017.1458333332 	41.9526182 	4.6007256 	13.616000175476074 	1506.0 	38.233501434326165 	4.5415802001953125 	28.7711
2015-01-13T03:34:59.999Z 	42017.14930555542 	41.9430349 	4.5897551 	13.607000350952148 	1506.0 	38.23509979248047 	4.540870189666748 	28.7743
2015-01-13T03:39:59.999Z 	42017.152777777635 	41.9329617 	4.5782888 	13.597999572753906 	1506.0 	38.235698699951165 	4.540259838104248 	28.7767
2015-01-13T03:44:59.999Z 	42017.156249999854 	41.9230896 	4.5666761 	13.574000358581543 	1505.9000244140625 	38.2401008605957 	4.538430213928223 	28.7853
2015-01-13T03:49:59.999Z 	42017.15972222207 	41.9133185 	4.5551277 	13.543000221252441 	1505.800048828125 	38.24570083618164 	4.535990238189697 	28.7961
2015-01-13T03:54:59.999Z 	42017.16319444429 	41.9036622 	4.5435675 	13.506999969482422 	1505.699951171875 	38.25149917602539 	4.5330400466918945 	28.8083
2015-01-13T03:59:59.999Z 	42017.16666666651 	41.8940419 	4.5320353 	13.46500015258789 	1505.5999755859375 	38.2588996887207 	4.529069900512695 	28.823
2015-01-13T04:04:59.999Z 	42017.17013888873 	41.8844095 	4.5208069 	13.454999923706055 	1505.5 	38.253700256347656 	4.527029991149902 	28.8209
2015-01-13T04:09:59.999Z 	42017.17361111095 	41.8747267 	4.5094894 	13.440999984741211 	1505.5 	38.25410079956055 	4.5258097648620605 	28.8242
2015-01-13T04:14:59.999Z 	42017.17708333317 	41.8647126 	4.4980722 	13.39900016784668 	1505.4000244140625 	38.26350021362305 	4.523169994354248 	28.8404
2015-01-13T04:19:59.999Z 	42017.18055555539 	41.854851 	4.4867809 	13.371000289916992 	1505.300048828125 	38.27539825439453 	4.52092981338501 	28.8554
2015-01-13T04:24:59.999Z 	42017.18402777761 	41.8450123 	4.4753246 	13.359999656677246 	1505.300048828125 	38.27989959716797 	4.519909858703613 	28.8613
2015-01-13T04:29:59.999Z 	42017.187499999825 	41.8349056 	4.4638182 	13.355999946594238 	1505.199951171875 	38.28430175781249 	4.519710063934326 	28.8656
2015-01-13T04:34:59.999Z 	42017.190972222044 	41.8247542 	4.4523788 	13.359999656677246 	1505.300048828125 	38.284400939941406 	4.520319938659668 	28.8649
2015-01-13T04:39:59.999Z 	42017.19444444426 	41.8146164 	4.4413331 	13.373000144958496 	1505.300048828125 	38.273399353027344 	4.520420074462891 	28.8536
2015-01-13T04:44:59.999Z 	42017.19791666648 	41.8045351 	4.4308469 	13.40999984741211 	1505.4000244140625 	38.266700744628906 	4.5238800048828125 	28.8406
2015-01-13T04:49:59.999Z 	42017.2013888887 	41.7945942 	4.4198105 	13.402000427246094 	1505.4000244140625 	38.270999908447266 	4.524179935455322 	28.8456
2015-01-13T04:54:59.999Z 	42017.20486111092 	41.7849562 	4.4085749 	13.392000198364258 	1505.4000244140625 	38.27859878540039 	4.523270130157471 	28.8536
2015-01-13T04:59:59.999Z 	42017.20833333314 	41.7753912 	4.3973215 	13.395000457763672 	1505.4000244140625 	38.28379821777344 	4.523369789123535 	28.857
2015-01-13T05:04:59.999Z 	42017.21180555536 	41.7658515 	4.3859729 	13.395000457763672 	1505.4000244140625 	38.2869987487793 	4.5240797996521 	28.8596
2015-01-13T05:09:59.999Z 	42017.21527777758 	41.7563578 	4.3746625 	13.383999824523926 	1505.300048828125 	38.286598205566406 	4.523369789123535 	28.8614
2015-01-13T05:14:59.999Z 	42017.218749999796 	41.7467277 	4.3636082 	13.390000343322754 	1505.300048828125 	38.26739883422851 	4.520009994506836 	28.8453
2015-01-13T05:19:59.999Z 	42017.222222222015 	41.7367239 	4.352499 	13.454999923706055 	1505.5 	38.24610137939453 	4.526010036468506 	28.8151
2015-01-13T05:24:59.999Z 	42017.225694444234 	41.7266737 	4.3411748 	13.437000274658203 	1505.5 	38.24679946899414 	4.524899959564209 	28.8195
2015-01-13T05:29:59.999Z 	42017.22916666645 	41.7170082 	4.3297449 	13.413999557495117 	1505.4000244140625 	38.24890136718751 	4.522960186004639 	28.826
2015-01-13T05:34:59.999Z 	42017.23263888867 	41.7074458 	4.318285 	13.375 	1505.300048828125 	38.26169967651367 	4.520009994506836 	28.8442
2015-01-13T05:39:59.999Z 	42017.23611111089 	41.697871 	4.3067111 	13.342000007629395 	1505.199951171875 	38.27370071411133 	4.517769813537598 	28.8604
2015-01-13T05:44:59.999Z 	42017.23958333311 	41.6884936 	4.2949187 	13.317000389099121 	1505.0999755859375 	38.2859992980957 	4.516250133514404 	28.8752
2015-01-13T05:49:59.999Z 	42017.24305555533 	41.6789936 	4.2832609 	13.359999656677246 	1505.300048828125 	38.30229949951172 	4.515429973602295 	28.8788
2015-01-13T05:54:59.999Z 	42017.24652777755 	41.6696113 	4.2723184 	13.631999969482422 	1506.0 	38.178199768066406 	4.533440113067627 	28.7248
2015-01-13T05:59:59.999Z 	42017.24999999977 	41.6604071 	4.2613498 	13.779999732971191 	1506.5 	38.14680099487305 	4.547790050506592 	28.669
2015-01-13T06:04:59.999Z 	42017.253472221986 	41.650774 	4.2503037 	13.619000434875488 	1506.0 	38.17229843139649 	4.539549827575684 	28.7231
2015-01-13T06:09:59.999Z 	42017.256944444205 	41.6410241 	4.2390501 	13.369999885559082 	1505.300048828125 	38.270599365234375 	4.524290084838867 	28.852
2015-01-13T06:14:59.999Z 	42017.260416666424 	41.6312954 	4.2284537 	13.298999786376953 	1505.0999755859375 	38.29759979248047 	4.515530109405518 	28.8879
2015-01-13T06:19:59.999Z 	42017.26388888864 	41.6215545 	4.2178386 	13.331999778747559 	1505.199951171875 	38.2775993347168 	4.514619827270508 	28.8655
2015-01-13T06:24:59.999Z 	42017.26736111086 	41.6116628 	4.2073208 	13.378999710083008 	1505.300048828125 	38.256000518798835 	4.516960144042969 	28.8389
2015-01-13T06:29:59.999Z 	42017.27083333308 	41.6018461 	4.1967702 	13.378000259399414 	1505.300048828125 	38.25 	4.517370223999023 	28.8343
2015-01-13T06:34:59.999Z 	42017.2743055553 	41.5921491 	4.1861684 	13.355999946594238 	1505.199951171875 	38.25870132446289 	4.515530109405518 	28.8458
2015-01-13T06:39:59.999Z 	42017.27777777752 	41.5821339 	4.175313 	13.369000434875488 	1505.300048828125 	38.2671012878418 	4.517980098724365 	28.8496
2015-01-13T06:44:59.999Z 	42017.28124999974 	41.5721747 	4.1644953 	13.380999565124512 	1505.300048828125 	38.27370071411133 	4.519710063934326 	28.8521
2015-01-13T06:49:59.999Z 	42017.28472222196 	41.5625612 	4.1532923 	13.38599967956543 	1505.300048828125 	38.27429962158203 	4.520219802856445 	28.8514
2015-01-13T06:54:59.999Z 	42017.288194444176 	41.5527216 	4.1418871 	13.387999534606934 	1505.300048828125 	38.277099609375 	4.521029949188232 	28.8532
2015-01-13T06:59:59.999Z 	42017.291666666395 	41.542955 	4.1304334 	13.369999885559082 	1505.300048828125 	38.274200439453125 	4.519100189208984 	28.8549
2015-01-13T07:04:59.999Z 	42017.295138888614 	41.5332099 	4.1189809 	13.309000015258789 	1505.0999755859375 	38.274200439453125 	4.513299942016602 	28.8677
2015-01-13T07:09:59.999Z 	42017.29861111083 	41.5233831 	4.1074839 	13.309000015258789 	1505.0999755859375 	38.29180145263672 	4.514619827270508 	28.8813
2015-01-13T07:14:59.999Z 	42017.30208333305 	41.5134929 	4.096115 	13.291999816894531 	1505.0999755859375 	38.30009841918945 	4.514009952545166 	28.8913
2015-01-13T07:19:59.999Z 	42017.30555555527 	41.504151 	4.0850332 	13.291000366210938 	1505.0999755859375 	38.30550003051758 	4.513599872589111 	28.8958
2015-01-13T07:24:59.999Z 	42017.30902777749 	41.494702 	4.0737348 	13.300000190734863 	1505.0999755859375 	38.306499481201165 	4.514009952545166 	28.8947
2015-01-13T07:29:59.999Z 	42017.31249999971 	41.4848735 	4.0628309 	13.57699966430664 	1505.9000244140625 	38.25339889526367 	4.531310081481934 	28.7948
2015-01-13T07:34:59.999Z 	42017.31597222193 	41.475175 	4.0519849 	13.798999786376953 	1506.5999755859375 	38.21939849853516 	4.555419921875 	28.7211
2015-01-13T07:39:59.999Z 	42017.31944444415 	41.4656257 	4.0407407 	13.86400032043457 	1506.800048828125 	38.21110153198242 	4.562749862670898 	28.7007
2015-01-13T07:44:59.999Z 	42017.322916666366 	41.456198 	4.0293223 	13.916999816894531 	1507.0 	38.20149993896484 	4.567130088806152 	28.6819
2015-01-13T07:49:59.999Z 	42017.326388888585 	41.4467267 	4.0180526 	13.954999923706055 	1507.0999755859375 	38.19599914550781 	4.570889949798584 	28.6694
2015-01-13T07:54:59.999Z 	42017.329861110804 	41.4371647 	4.0071764 	13.965999603271484 	1507.0999755859375 	38.19179916381836 	4.57220983505249 	28.6637
2015-01-13T07:59:59.999Z 	42017.33333333302 	41.4272339 	3.9962313 	13.987000465393066 	1507.199951171875 	38.185199737548835 	4.573440074920654 	28.6541
2015-01-13T08:04:59.999Z 	42017.33680555524 	41.4173374 	3.985256 	14.005999565124512 	1507.199951171875 	38.18190002441406 	4.575369834899902 	28.6474
2015-01-13T08:09:59.999Z 	42017.34027777746 	41.4074571 	3.9743716 	13.991000175476074 	1507.199951171875 	38.18180084228516 	4.573740005493164 	28.6505
2015-01-13T08:14:59.999Z 	42017.34374999968 	41.3974838 	3.963018 	13.98799991607666 	1507.199951171875 	38.18190002441406 	4.573229789733887 	28.6513
2015-01-13T08:19:59.999Z 	42017.3472222219 	41.3874982 	3.9514827000000006 	13.982000350952148 	1507.199951171875 	38.18109893798828 	4.572929859161377 	28.652
2015-01-13T08:24:59.999Z 	42017.35069444412 	41.3776076 	3.9399972 	13.97599983215332 	1507.0999755859375 	38.175201416015625 	4.572519779205322 	28.6488
2015-01-13T08:29:59.999Z 	42017.35416666634 	41.3677689 	3.9283984999999997 	13.942999839782715 	1507.0 	38.17380142211914 	4.568749904632568 	28.6548
2015-01-13T08:34:59.999Z 	42017.357638888556 	41.3577787 	3.9167526000000006 	13.864999771118164 	1506.800048828125 	38.18769836425781 	4.561220169067383 	28.6823
2015-01-13T08:39:59.999Z 	42017.361111110775 	41.3490197 	3.9067474 	13.762999534606934 	1506.5 	38.208099365234375 	4.546669960021973 	28.72
2015-01-13T08:44:59.999Z 	42017.364583332994 	41.3401767 	3.8973067 	14.024999618530273 	1507.199951171875 	38.14759826660156 	4.572010040283203 	28.6168
2015-01-13T08:49:59.999Z 	42017.36805555521 	41.3301456 	3.8857167000000006 	14.07800006866455 	1507.4000244140625 	38.11140060424805 	4.575369834899902 	28.5772
2015-01-13T08:54:59.999Z 	42017.37152777743 	41.320331 	3.874111 	14.093999862670898 	1507.4000244140625 	38.09479904174805 	4.575570106506348 	28.5609
2015-01-13T08:59:59.999Z 	42017.37499999965 	41.310728 	3.8625608 	14.10099983215332 	1507.4000244140625 	38.09049987792969 	4.575779914855957 	28.5559
2015-01-13T09:04:59.999Z 	42017.37847222187 	41.3008023 	3.8511199 	14.119000434875488 	1507.5 	38.08089828491211 	4.576590061187744 	28.5446
2015-01-13T09:09:59.999Z 	42017.38194444409 	41.2908151 	3.8396955000000004 	14.145000457763672 	1507.5 	38.07120132446289 	4.57790994644165 	28.5317
2015-01-13T09:14:59.999Z 	42017.38541666631 	41.2811157 	3.8284061999999994 	14.154999732971191 	1507.5999755859375 	38.072601318359375 	4.579239845275879 	28.5305
2015-01-13T09:19:59.999Z 	42017.38888888853 	41.271069 	3.8172242000000005 	14.13700008392334 	1507.5 	38.08330154418945 	4.579130172729492 	28.5427
2015-01-13T09:24:59.999Z 	42017.392361110746 	41.261023 	3.806076 	14.107999801635742 	1507.5 	38.09619903564453 	4.576389789581299 	28.559
2015-01-13T09:29:59.999Z 	42017.395833332965 	41.2510489 	3.7949402999999995 	14.12399959564209 	1507.5 	38.07699966430664 	4.577199935913086 	28.5405
2015-01-13T09:34:59.999Z 	42017.399305555184 	41.2410311 	3.7836724000000004 	14.062000274658203 	1507.300048828125 	38.100101470947266 	4.5744500160217285 	28.5719
2015-01-13T09:39:59.999Z 	42017.4027777774 	41.2310308 	3.7728159 	13.923999786376953 	1506.9000244140625 	38.15679931640625 	4.561629772186279 	28.6457
2015-01-13T09:44:59.999Z 	42017.40624999962 	41.2218998 	3.7616245 	13.998000144958496 	1507.0999755859375 	38.12329864501953 	4.568749904632568 	28.6038
2015-01-13T09:49:59.999Z 	42017.40972222184 	41.2124958 	3.7506312999999993 	14.055999755859375 	1507.300048828125 	38.10480117797851 	4.572519779205322 	28.5769
2015-01-13T09:54:59.999Z 	42017.41319444406 	41.2037163 	3.7409509999999995 	14.093999862670898 	1507.4000244140625 	38.09220123291016 	4.574860095977783 	28.5588
2015-01-13T09:59:59.999Z 	42017.41666666628 	41.195416 	3.7332759 	14.067000389099121 	1507.300048828125 	38.10369873046875 	4.574250221252441 	28.5737
2015-01-13T10:04:59.999Z 	42017.4201388885 	41.1853269 	3.7308420999999994 	13.916999816894531 	1506.9000244140625 	38.141498565673835 	4.564280033111572 	28.6353
2015-01-13T10:09:59.999Z 	42017.42361111072 	41.175618 	3.7340909 	13.826000213623047 	1506.699951171875 	38.18080139160156 	4.557459831237793 	28.6853
2015-01-13T10:14:59.999Z 	42017.427083332936 	41.1677942 	3.7425575 	13.82800006866455 	1506.699951171875 	38.1786003112793 	4.557660102844238 	28.6833
2015-01-13T10:19:59.999Z 	42017.430555555155 	41.1637946 	3.7545193 	13.812999725341797 	1506.5999755859375 	38.18479919433594 	4.556849956512451 	28.6913
2015-01-13T10:24:59.999Z 	42017.43402777737 	41.1642359 	3.7665859 	14.161999702453613 	1507.699951171875 	38.118999481201165 	4.564680099487305 	28.5649
2015-01-13T10:29:59.999Z 	42017.43749999959 	41.1677753 	3.7779151000000004 	14.232999801635742 	1507.800048828125 	38.062400817871094 	4.5853400230407715 	28.5055
2015-01-13T10:34:59.999Z 	42017.44097222181 	41.1744389 	3.7862259000000003 	14.277000427246094 	1507.9000244140625 	38.049701690673835 	4.589719772338867 	28.4861
2015-01-13T10:39:59.999Z 	42017.44444444403 	41.1831371 	3.7913161 	14.281999588012695 	1507.9000244140625 	38.03860092163086 	4.592259883880615 	28.4763
2015-01-13T10:44:59.999Z 	42017.44791666625 	41.1928843 	3.7911016 	14.270999908447266 	1507.9000244140625 	38.04109954833984 	4.589000225067139 	28.4808
2015-01-13T10:49:59.999Z 	42017.45138888847 	41.2013124 	3.7850609 	13.847999572753906 	1506.699951171875 	38.18330001831055 	4.560309886932373 	28.6825
2015-01-13T10:54:59.999Z 	42017.45486111069 	41.2078589 	3.7758122 	13.902000427246094 	1506.9000244140625 	38.15999984741211 	4.562849998474121 	28.6528
2015-01-13T10:59:59.999Z 	42017.45833333291 	41.2122158 	3.7643868000000005 	13.998000144958496 	1507.0999755859375 	38.124900817871094 	4.568550109863281 	28.6051
2015-01-13T11:04:59.999Z 	42017.461805555125 	41.2177199 	3.7511806999999995 	14.031000137329102 	1507.199951171875 	38.12360000610351 	4.572619915008545 	28.597
2015-01-13T11:09:59.999Z 	42017.465277777344 	41.2243727 	3.7367933 	14.013999938964844 	1507.199951171875 	38.13890075683594 	4.571300029754639 	28.6123
2015-01-13T11:14:59.999Z 	42017.46874999956 	41.2312929 	3.7220816 	13.854999542236328 	1506.699951171875 	38.18259811401367 	4.563260078430176 	28.6804
2015-01-13T11:19:59.999Z 	42017.47222222178 	41.2380068 	3.7068663 	14.045999526977539 	1507.300048828125 	38.114398956298835 	4.569570064544678 	28.5865
2015-01-13T11:24:59.999Z 	42017.475694444 	41.2446345 	3.6920073 	14.145999908447266 	1507.5999755859375 	38.10200119018555 	4.58158016204834 	28.5553
2015-01-13T11:29:59.999Z 	42017.47916666622 	41.2515259 	3.6779622 	14.149999618530273 	1507.5999755859375 	38.102901458740234 	4.584020137786865 	28.5549
2015-01-13T11:34:59.999Z 	42017.48263888844 	41.2585552 	3.6638202999999994 	14.13599967956543 	1507.5999755859375 	38.11249923706055 	4.582190036773682 	28.5656
2015-01-13T11:39:59.999Z 	42017.48611111066 	41.2655838 	3.6493922 	14.166000366210938 	1507.699951171875 	38.10559844970703 	4.584829807281494 	28.5537
2015-01-13T11:44:59.999Z 	42017.48958333288 	41.2719411 	3.6346352 	14.149999618530273 	1507.5999755859375 	38.12179946899414 	4.585750102996826 	28.5697
2015-01-13T11:49:59.999Z 	42017.493055555096 	41.2783517 	3.6197754999999994 	14.187000274658203 	1507.800048828125 	38.13420104980469 	4.588699817657471 	28.5713
2015-01-13T11:54:59.999Z 	42017.496527777315 	41.2850663 	3.6046930999999995 	14.265000343322754 	1508.0 	38.12220001220703 	4.596030235290527 	28.5448
2015-01-13T11:59:59.999Z 	42017.499999999534 	41.2920914 	3.5897589 	14.314000129699707 	1508.0999755859375 	38.114601135253906 	4.599689960479736 	28.5281
2015-01-13T12:04:59.999Z 	42017.50347222175 	41.2989097 	3.5750025 	14.37399959564209 	1508.300048828125 	38.055999755859375 	4.6008100509643555 	28.4697
2015-01-13T12:09:59.999Z 	42017.50694444397 	41.3057172 	3.5601082 	14.402999877929688 	1508.300048828125 	37.99140167236328 	4.597449779510498 	28.4134
2015-01-13T12:14:59.999Z 	42017.51041666619 	41.3125808 	3.5451342 	14.418999671936035 	1508.300048828125 	37.930999755859375 	4.592770099639893 	28.3631
2015-01-13T12:19:59.999Z 	42017.51388888841 	41.3194539 	3.5303948 	14.463000297546387 	1508.4000244140625 	37.925498962402344 	4.596640110015869 	28.3491
2015-01-13T12:24:59.999Z 	42017.51736111063 	41.3264251 	3.5153925 	14.494999885559082 	1508.5 	37.91510009765625 	4.598879814147949 	28.3342
2015-01-13T12:29:59.999Z 	42017.52083333285 	41.3333608 	3.5000781 	14.519000053405762 	1508.5 	37.909400939941406 	4.601109981536865 	28.3245
2015-01-13T12:34:59.999Z 	42017.52430555507 	41.3403004 	3.4851408 	14.513999938964844 	1508.5 	37.90119934082031 	4.600299835205078 	28.3192
2015-01-13T12:39:59.999Z 	42017.527777777286 	41.3473704 	3.4701915 	14.494999885559082 	1508.4000244140625 	37.88999938964844 	4.596529960632324 	28.3148
2015-01-13T12:44:59.999Z 	42017.531249999505 	41.3546632 	3.4553647 	14.585000038146973 	1508.800048828125 	37.909698486328125 	4.605899810791016 	28.31
2015-01-13T12:49:59.999Z 	42017.534722221724 	41.3612947 	3.4405186 	14.565999984741211 	1508.800048828125 	37.95869827270508 	4.613530158996582 	28.3521
2015-01-13T12:54:59.999Z 	42017.53819444394 	41.367529 	3.4255629 	14.4399995803833 	1508.300048828125 	37.93230056762695 	4.596129894256592 	28.3594
2015-01-13T12:59:59.999Z 	42017.54166666616 	41.3735443 	3.4119643 	14.432999610900879 	1508.300048828125 	37.897499084472656 	4.592160224914551 	28.3342
2015-01-13T13:04:59.999Z 	42017.54513888838 	41.3792599 	3.4006373 	14.428000450134277 	1508.199951171875 	37.8942985534668 	4.591450214385986 	28.3328
2015-01-13T13:09:59.999Z 	42017.5486111106 	41.3850545 	3.3890033 	14.418999671936035 	1508.199951171875 	37.89080047607422 	4.5901198387146 	28.3322
2015-01-13T13:14:59.999Z 	42017.55208333282 	41.3907369 	3.3765008 	14.413999557495117 	1508.199951171875 	37.88169860839844 	4.588699817657471 	28.3261
2015-01-13T13:19:59.999Z 	42017.55555555504 	41.3962664 	3.3640098 	14.425000190734863 	1508.199951171875 	37.862998962402344 	4.588290214538574 	28.3092
2015-01-13T13:24:59.999Z 	42017.55902777726 	41.401476 	3.3518465 	14.447999954223633 	1507.5 	37.25130081176758 	4.522850036621094 	27.8312
2015-01-13T13:29:59.999Z 	42017.562499999476 	41.4067655 	3.3397288 	14.571000099182129 	1508.699951171875 	37.91299819946289 	4.6050801277160645 	28.3158
2015-01-13T13:34:59.999Z 	42017.565972221695 	41.412231 	3.3276646 	14.664999961853027 	1509.0 	37.92010116577149 	4.617090225219727 	28.3003
2015-01-13T13:39:59.999Z 	42017.569444443914 	41.4180174 	3.3149839 	14.736000061035156 	1509.300048828125 	37.93410110473633 	4.626359939575195 	28.2955
2015-01-13T13:44:59.999Z 	42017.57291666613 	41.4240367 	3.301851 	14.765999794006348 	1509.4000244140625 	37.94449996948242 	4.630839824676514 	28.2967
2015-01-13T13:49:59.999Z 	42017.57638888835 	41.4302336 	3.2888232 	14.791000366210938 	1509.4000244140625 	37.93339920043945 	4.633279800415039 	28.2826
2015-01-13T13:54:59.999Z 	42017.57986111057 	41.4365015 	3.275668 	14.793999671936035 	1509.4000244140625 	37.93280029296875 	4.63306999206543 	28.2816
2015-01-13T13:59:59.999Z 	42017.58333333279 	41.4425396 	3.2624246 	14.829000473022461 	1509.5 	37.891300201416016 	4.632559776306152 	28.2417
2015-01-13T14:04:59.999Z 	42017.58680555501 	41.4483442 	3.2492021 	14.83899974822998 	1509.5999755859375 	37.9202995300293 	4.636740207672119 	28.2618
2015-01-13T14:09:59.999Z 	42017.59027777723 	41.4541957 	3.2357336 	14.836000442504883 	1509.5999755859375 	37.92350006103516 	4.636940002441406 	28.2649
2015-01-13T14:14:59.999Z 	42017.59374999945 	41.4600876 	3.222141 	14.835000038146973 	1509.5999755859375 	37.93709945678711 	4.637040138244629 	28.2757
2015-01-13T14:19:59.999Z 	42017.597222221666 	41.4662135 	3.2087213 	14.854000091552734 	1509.5999755859375 	37.944698333740234 	4.639689922332764 	28.2773
2015-01-13T14:24:59.999Z 	42017.600694443885 	41.4722816 	3.1951054 	14.86400032043457 	1509.699951171875 	37.94599914550781 	4.6412200927734375 	28.276
2015-01-13T14:29:59.999Z 	42017.604166666104 	41.4783342 	3.1816353 	14.833999633789062 	1509.5999755859375 	37.933101654052734 	4.638060092926025 	28.2728
2015-01-13T14:34:59.999Z 	42017.60763888832 	41.484458 	3.1682165 	14.798999786376953 	1509.4000244140625 	37.91849899291992 	4.6319499015808105 	28.2694
2015-01-13T14:39:59.999Z 	42017.61111111054 	41.4905549 	3.1548462 	14.791999816894531 	1509.4000244140625 	37.91999816894531 	4.631239891052246 	28.2719
2015-01-13T14:44:59.999Z 	42017.61458333276 	41.4966494 	3.1416859 	14.763999938964844 	1509.300048828125 	37.9182014465332 	4.629000186920166 	28.2769
2015-01-13T14:49:59.999Z 	42017.61805555498 	41.5028553 	3.1285225 	14.760000228881836 	1509.300048828125 	37.91780090332031 	4.627580165863037 	28.2775
2015-01-13T14:54:59.999Z 	42017.6215277772 	41.5090387 	3.1154421 	14.760000228881836 	1509.300048828125 	37.92359924316406 	4.628489971160889 	28.2819
2015-01-13T14:59:59.999Z 	42017.62499999942 	41.5152819 	3.1022866 	14.75100040435791 	1509.300048828125 	37.922401428222656 	4.627270221710205 	28.2829
2015-01-13T15:04:59.999Z 	42017.62847222164 	41.5215358 	3.0891484 	14.730999946594238 	1509.199951171875 	37.92150115966797 	4.6251301765441895 	28.2868
2015-01-13T15:09:59.999Z 	42017.631944443856 	41.5277166 	3.0759436 	14.793999671936035 	1509.4000244140625 	37.939800262451165 	4.633180141448975 	28.2869
2015-01-13T15:14:59.999Z 	42017.635416666075 	41.5325846 	3.063836 	14.79699993133545 	1509.5 	37.935199737548835 	4.633480072021484 	28.2828
2015-01-13T15:19:59.999Z 	42017.638888888294 	41.5347592 	3.0534128 	14.791000366210938 	1509.4000244140625 	37.9369010925293 	4.63306999206543 	28.2852
2015-01-13T15:24:59.999Z 	42017.64236111051 	41.5341912 	3.0435187 	14.765000343322754 	1509.300048828125 	37.92639923095703 	4.629310131072998 	28.2829
2015-01-13T15:29:59.999Z 	42017.64583333273 	41.5320642 	3.0387733 	14.751999855041504 	1509.300048828125 	37.9203987121582 	4.626760005950928 	28.2813
2015-01-13T15:34:59.999Z 	42017.64930555495 	41.5292303 	3.0361897 	14.734000205993652 	1509.199951171875 	37.915401458740234 	4.624320030212402 	28.2814
2015-01-13T15:39:59.999Z 	42017.65277777717 	41.5226653 	3.046383 	14.758000373840332 	1509.300048828125 	37.919700622558594 	4.627270221710205 	28.2793
2015-01-13T15:44:59.999Z 	42017.65624999939 	41.516508 	3.0631707 	14.795000076293945 	1509.4000244140625 	37.9380989074707 	4.633279800415039 	28.2853
2015-01-13T15:49:59.999Z 	42017.65972222161 	41.5108602 	3.081902 	14.770000457763672 	1509.4000244140625 	37.92570114135742 	4.628799915313721 	28.2813
2015-01-13T15:54:59.999Z 	42017.66319444383 	41.5051197 	3.1013297 	14.774999618530273 	1509.4000244140625 	37.92409896850586 	4.629209995269775 	28.2789
2015-01-13T15:59:59.999Z 	42017.666666666046 	41.4992806 	3.1208192 	14.772000312805176 	1509.4000244140625 	37.92390060424805 	4.6294097900390625 	28.2795
2015-01-13T16:04:59.999Z 	42017.670138888265 	41.493401 	3.1400835 	14.791000366210938 	1509.4000244140625 	37.92449951171875 	4.630119800567627 	28.2756
2015-01-13T16:09:59.999Z 	42017.673611110484 	41.4871569 	3.1589643 	14.795999526977539 	1509.4000244140625 	37.926300048828125 	4.631849765777588 	28.2761
2015-01-13T16:14:59.999Z 	42017.6770833327 	41.4803119 	3.1774202 	14.859000205993652 	1509.699951171875 	37.945098876953125 	4.639589786529541 	28.2764
2015-01-13T16:19:59.999Z 	42017.68055555492 	41.4724678 	3.195142 	14.87600040435791 	1509.699951171875 	37.95429992675781 	4.642340183258057 	28.2798
2015-01-13T16:24:59.999Z 	42017.68402777714 	41.464495 	3.2126279 	14.842000007629395 	1509.5999755859375 	37.95539855957031 	4.64070987701416 	28.2881
2015-01-13T16:29:59.999Z 	42017.68749999936 	41.4564971 	3.2303061 	14.83899974822998 	1509.5999755859375 	37.95610046386719 	4.639689922332764 	28.2893
2015-01-13T16:34:59.999Z 	42017.69097222158 	41.4485062 	3.2479368 	14.82800006866455 	1509.5999755859375 	37.95759963989258 	4.638979911804199 	28.2931
2015-01-13T16:39:59.999Z 	42017.6944444438 	41.4403472 	3.2655799 	14.809000015258789 	1509.5 	37.95610046386719 	4.635819911956787 	28.296
2015-01-13T16:44:59.999Z 	42017.69791666602 	41.4325967 	3.2829257 	14.777000427246094 	1509.4000244140625 	37.956199645996094 	4.633279800415039 	28.3034
2015-01-13T16:49:59.999Z 	42017.701388888236 	41.4267616 	3.2955067 	14.743000030517578 	1509.300048828125 	37.95349884033203 	4.6294097900390625 	28.3089
2015-01-13T16:54:59.999Z 	42017.704861110455 	41.4254496 	3.2966422 	14.730999946594238 	1509.300048828125 	37.951801300048835 	4.6274800300598145 	28.3101
2015-01-13T16:59:59.999Z 	42017.708333332674 	41.4254378 	3.2966492 	14.734000205993652 	1509.300048828125 	37.95100021362305 	4.627679824829102 	28.309
2015-01-13T17:04:59.999Z 	42017.71180555489 	41.4254384 	3.2966473 	14.729999542236328 	1509.300048828125 	37.95119857788086 	4.626969814300537 	28.31
2015-01-13T17:09:59.999Z 	42017.71527777711 	41.4254382 	3.2966348 	14.72700023651123 	1509.199951171875 	37.94839859008789 	4.626659870147705 	28.3084
2015-01-13T17:14:59.999Z 	42017.71874999933 	41.4254379 	3.2966364 	14.72599983215332 	1509.199951171875 	37.95130157470703 	4.626760005950928 	28.3109
2015-01-13T17:19:59.999Z 	42017.72222222155 	41.4254451 	3.2966381 	14.723999977111816 	1509.199951171875 	37.95090103149414 	4.626359939575195 	28.3111
2015-01-13T17:24:59.999Z 	42017.72569444377 	41.4254398 	3.2966205 	14.722999572753906 	1509.199951171875 	37.95069885253906 	4.62624979019165 	28.3112
2015-01-13T17:29:59.999Z 	42017.72916666599 	41.4254464 	3.2966232 	14.722999572753906 	1509.199951171875 	37.950401306152344 	4.626150131225586 	28.311
2015-01-13T17:34:59.999Z 	42017.73263888821 	41.4254374 	3.2966404 	14.718000411987305 	1508.9000244140625 	37.70550155639649 	4.599279880523682 	28.1227
2015-01-13T17:39:59.999Z 	42017.736111110426 	41.4248386 	3.2966418 	14.741999626159668 	1509.0999755859375 	37.81129837036133 	4.610990047454834 	28.1991
2015-01-13T17:44:59.999Z 	42017.739583332645 	41.4206635 	3.3061548 	14.656000137329102 	1508.9000244140625 	37.80229949951172 	4.605490207672119 	28.2112
2015-01-13T17:49:59.999Z 	42017.74305555486 	41.4149836 	3.320739 	14.460000038146973 	1508.300048828125 	37.85029983520508 	4.590939998626709 	28.2918
2015-01-13T17:54:59.999Z 	42017.74652777708 	41.4080522 	3.3371732 	14.487000465393066 	1508.4000244140625 	37.90060043334961 	4.594399929046631 	28.3248
2015-01-13T17:59:59.999Z 	42017.7499999993 	41.4008494 	3.3536339 	14.651000022888184 	1509.0 	37.9109001159668 	4.610990047454834 	28.2963
2015-01-13T18:04:59.999Z 	42017.75347222152 	41.3936022 	3.3699576 	14.607000350952148 	1508.800048828125 	37.9296989440918 	4.615869998931885 	28.3208
2015-01-13T18:09:59.999Z 	42017.75694444374 	41.3863689 	3.3863664 	14.50100040435791 	1508.5 	37.939701080322266 	4.601830005645752 	28.3518
2015-01-13T18:14:59.999Z 	42017.76041666596 	41.378698 	3.4033305 	14.562000274658203 	1508.5999755859375 	37.84270095825195 	4.597040176391602 	28.2634
2015-01-13T18:19:59.999Z 	42017.76388888818 	41.3711788 	3.4191812 	14.59000015258789 	1508.699951171875 	37.84859848022461 	4.601620197296143 	28.2617
2015-01-13T18:24:59.999Z 	42017.7673611104 	41.3652183 	3.4324338 	14.539999961853027 	1508.5999755859375 	37.92179870605469 	4.606919765472412 	28.3293
2015-01-13T18:29:59.999Z 	42017.770833332615 	41.363159 	3.4334153 	14.532999992370605 	1508.5999755859375 	37.893699645996094 	4.6008100509643555 	28.3092
2015-01-13T18:34:59.999Z 	42017.774305554834 	41.3631634 	3.4333893 	14.505000114440918 	1508.5 	37.904399871826165 	4.600500106811523 	28.3237
2015-01-13T18:39:59.999Z 	42017.77777777705 	41.363168 	3.4333909 	14.480999946594238 	1508.4000244140625 	37.925498962402344 	4.598470211029053 	28.3453
2015-01-13T18:44:59.999Z 	42017.78124999927 	41.363157 	3.4333983 	14.468000411987305 	1508.4000244140625 	37.93640136718751 	4.597959995269775 	28.3565
2015-01-13T18:49:59.999Z 	42017.78472222149 	41.3631493 	3.4333887 	14.46500015258789 	1508.4000244140625 	37.93360137939453 	4.596640110015869 	28.355
2015-01-13T18:54:59.999Z 	42017.78819444371 	41.3631631 	3.4333882 	14.46399974822998 	1508.4000244140625 	37.94369888305664 	4.59867000579834 	28.3631
2015-01-13T18:59:59.999Z 	42017.79166666593 	41.3631544 	3.4333986 	14.463000297546387 	1508.4000244140625 	37.94010162353516 	4.597549915313721 	28.3604
2015-01-13T19:04:59.999Z 	42017.79513888815 	41.3631543 	3.4333911 	14.46399974822998 	1508.4000244140625 	37.9380989074707 	4.597040176391602 	28.3588
2015-01-13T19:09:59.999Z 	42017.79861111037 	41.3631535 	3.4333964 	14.458000183105469 	1508.4000244140625 	37.94670104980469 	4.598269939422607 	28.3667
2015-01-13T19:14:59.999Z 	42017.802083332586 	41.3631586 	3.4333957 	14.451000213623047 	1508.4000244140625 	37.94599914550781 	4.597760200500488 	28.3678
2015-01-13T19:19:59.999Z 	42017.805555554805 	41.3631557 	3.4333929 	14.46500015258789 	1508.4000244140625 	37.94710159301758 	4.5981597900390625 	28.3656
2015-01-13T19:24:59.999Z 	42017.809027777024 	41.363154 	3.4333963 	14.467000007629395 	1508.4000244140625 	37.95109939575195 	4.599689960479736 	28.3682
2015-01-13T19:29:59.999Z 	42017.81249999924 	41.3631524 	3.4334088 	14.472000122070312 	1508.4000244140625 	37.95280075073242 	4.600100040435791 	28.3684
2015-01-13T19:34:59.999Z 	42017.81597222146 	41.3631536 	3.4334046 	14.475000381469727 	1508.5 	37.95479965209961 	4.60060977935791 	28.3692
2015-01-13T19:39:59.999Z 	42017.81944444368 	41.361906 	3.4367937 	14.479000091552734 	1508.5 	37.95209884643555 	4.601930141448975 	28.3662
2015-01-13T19:44:59.999Z 	42017.8229166659 	41.3572892 	3.4505885 	14.420000076293945 	1508.199951171875 	37.91680145263672 	4.5907301902771 	28.352
2015-01-13T19:49:59.999Z 	42017.82638888812 	41.3510171 	3.465466 	14.413999557495117 	1508.199951171875 	37.921199798583984 	4.590330123901367 	28.3567
2015-01-13T19:54:59.999Z 	42017.82986111034 	41.346983 	3.4712277 	14.390000343322754 	1508.199951171875 	37.94029998779297 	4.591139793395996 	28.3767
2015-01-13T19:59:59.999Z 	42017.83333333256 	41.3466912 	3.4714931 	14.397000312805176 	1508.199951171875 	37.94300079345703 	4.591139793395996 	28.3773
2015-01-13T20:04:59.999Z 	42017.836805554776 	41.346702 	3.4715016 	14.395000457763672 	1508.199951171875 	37.936798095703125 	4.590330123901367 	28.373
2015-01-13T20:09:59.999Z 	42017.840277776995 	41.3466996 	3.4715141 	14.395000457763672 	1508.199951171875 	37.93429946899414 	4.5901198387146 	28.3708
2015-01-13T20:14:59.999Z 	42017.843749999214 	41.3466938 	3.4715265 	14.395000457763672 	1508.199951171875 	37.930198669433594 	4.5896100997924805 	28.3678
2015-01-13T20:19:59.999Z 	42017.84722222143 	41.3466917 	3.4715349 	14.402000427246094 	1508.199951171875 	37.9286994934082 	4.58981990814209 	28.3652
2015-01-13T20:24:59.999Z 	42017.85069444365 	41.3467042 	3.4715071 	14.40999984741211 	1508.199951171875 	37.92639923095703 	4.590219974517822 	28.3615
2015-01-13T20:29:59.999Z 	42017.85416666587 	41.3467023 	3.4715208 	14.41100025177002 	1508.199951171875 	37.92340087890625 	4.590630054473877 	28.359
2015-01-13T20:34:59.999Z 	42017.85763888809 	41.3466999 	3.4715059 	14.423999786376953 	1508.300048828125 	37.925899505615234 	4.5918498039245605 	28.358
2015-01-13T20:39:59.999Z 	42017.86111111031 	41.3467021 	3.4715095 	14.423999786376953 	1508.300048828125 	37.92530059814453 	4.592160224914551 	28.3577
2015-01-13T20:44:59.999Z 	42017.86458333253 	41.3467 	3.4715109 	14.427000045776367 	1508.300048828125 	37.925201416015625 	4.592360019683838 	28.3568
2015-01-13T20:49:59.999Z 	42017.86805555475 	41.3467197 	3.4714917 	14.432999610900879 	1508.300048828125 	37.926898956298835 	4.593279838562012 	28.3569
2015-01-13T20:54:59.999Z 	42017.871527776966 	41.3467163 	3.4715057 	14.442000389099121 	1508.300048828125 	37.92879867553711 	4.594299793243408 	28.3564
2015-01-13T20:59:59.999Z 	42017.874999999185 	41.3467106 	3.4714925 	14.454000473022461 	1508.4000244140625 	37.931499481201165 	4.595310211181641 	28.3559
2015-01-13T21:04:59.999Z 	42017.878472221404 	41.3467259 	3.4715077 	14.45300006866455 	1508.4000244140625 	37.9370002746582 	4.596129894256592 	28.3602
2015-01-13T21:09:59.999Z 	42017.88194444362 	41.3467145 	3.4714999 	14.468000411987305 	1508.4000244140625 	37.9380989074707 	4.597859859466553 	28.3578
2015-01-13T21:14:59.999Z 	42017.88541666584 	41.3467111 	3.471508 	14.477999687194824 	1508.4000244140625 	37.938499450683594 	4.599279880523682 	28.3559
2015-01-13T21:19:59.999Z 	42017.88888888806 	41.3467221 	3.471495 	14.491999626159668 	1508.5 	37.93989944458008 	4.600100040435791 	28.354
2015-01-13T21:24:59.999Z 	42017.89236111028 	41.3467139 	3.471522 	14.517999649047852 	1508.5999755859375 	37.944801330566406 	4.6027398109436035 	28.3521
2015-01-13T21:29:59.999Z 	42017.8958333325 	41.3467292 	3.4714977 	14.555999755859375 	1508.699951171875 	37.95330047607422 	4.608339786529541 	28.3502
2015-01-13T21:34:59.999Z 	42017.89930555472 	41.3466632 	3.471449 	14.57800006866455 	1508.800048828125 	37.958099365234375 	4.611499786376953 	28.349
2015-01-13T21:39:59.999Z 	42017.90277777694 	41.3425162 	3.4796175 	14.538000106811523 	1508.699951171875 	37.95130157470703 	4.606810092926025 	28.3526
2015-01-13T21:44:59.999Z 	42017.906249999156 	41.3375939 	3.49536 	14.548999786376953 	1508.699951171875 	37.955299377441406 	4.608339786529541 	28.3533
2015-01-13T21:49:59.999Z 	42017.909722221375 	41.3312763 	3.5087397 	14.480999946594238 	1508.5 	37.945098876953125 	4.599490165710449 	28.3604
2015-01-13T21:54:59.999Z 	42017.913194443594 	41.3289889 	3.5100358 	14.447999954223633 	1508.4000244140625 	37.94049835205078 	4.596429824829102 	28.3642
2015-01-13T21:59:59.999Z 	42017.91666666581 	41.3288359 	3.5102754 	14.456999778747559 	1508.4000244140625 	37.942501068115234 	4.597449779510498 	28.3637
2015-01-13T22:04:59.999Z 	42017.92013888803 	41.3288312 	3.5102925 	14.477999687194824 	1508.5 	37.94390106201172 	4.599279880523682 	28.3602
2015-01-13T22:09:59.999Z 	42017.92361111025 	41.3288308 	3.5102915 	14.494000434875488 	1508.5 	37.94779968261719 	4.601319789886475 	28.3597
2015-01-13T22:14:59.999Z 	42017.92708333247 	41.3288309 	3.5102912 	14.536999702453613 	1508.699951171875 	37.95500183105469 	4.605899810791016 	28.3558
2015-01-13T22:19:59.999Z 	42017.93055555469 	41.3288294 	3.5102849 	14.579999923706055 	1508.800048828125 	37.96260070800781 	4.611390113830566 	28.352
2015-01-13T22:24:59.999Z 	42017.93402777691 	41.3288395 	3.5102775 	14.593000411987305 	1508.800048828125 	37.96659851074219 	4.613739967346191 	28.3524
2015-01-13T22:29:59.999Z 	42017.93749999913 	41.3288333 	3.5102863 	14.60099983215332 	1508.9000244140625 	37.96839904785156 	4.614649772644043 	28.3519
2015-01-13T22:34:59.999Z 	42017.940972221346 	41.3288443 	3.5103067 	14.604999542236328 	1508.9000244140625 	37.96870040893555 	4.615059852600098 	28.3513
2015-01-13T22:39:59.999Z 	42017.944444443565 	41.3288408 	3.5102884 	14.614999771118164 	1508.9000244140625 	37.969600677490234 	4.616179943084717 	28.3498
2015-01-13T22:44:59.999Z 	42017.947916665784 	41.3288385 	3.5102861 	14.616999626159668 	1508.9000244140625 	37.97169876098633 	4.616990089416504 	28.3508
2015-01-13T22:49:59.999Z 	42017.951388888 	41.3288403 	3.5102598 	14.623000144958496 	1508.9000244140625 	37.971900939941406 	4.617300033569336 	28.3496
2015-01-13T22:54:59.999Z 	42017.95486111022 	41.3288325 	3.5102877 	14.62600040435791 	1509.0 	37.9724006652832 	4.617499828338623 	28.3495
2015-01-13T22:59:59.999Z 	42017.95833333244 	41.3288444 	3.5102917 	14.631999969482422 	1509.0 	37.9734001159668 	4.618420124053955 	28.3489
2015-01-13T23:04:59.999Z 	42017.96180555466 	41.3288457 	3.5102739 	14.63599967956543 	1509.0 	37.97209930419922 	4.618929862976074 	28.3469
2015-01-13T23:09:59.999Z 	42017.96527777688 	41.3288275 	3.510279 	14.642000198364258 	1509.0 	37.972599029541016 	4.619639873504639 	28.3461
2015-01-13T23:14:59.999Z 	42017.9687499991 	41.3288335 	3.5102733 	14.642000198364258 	1509.0 	37.97180175781249 	4.619329929351807 	28.3453
2015-01-13T23:19:59.999Z 	42017.97222222132 	41.3288385 	3.510281 	14.64799976348877 	1509.0 	37.970600128173835 	4.619939804077148 	28.3432
2015-01-13T23:24:59.999Z 	42017.975694443536 	41.3288398 	3.5102853 	14.647000312805176 	1509.0 	37.970001220703125 	4.619939804077148 	28.3429
2015-01-13T23:29:59.999Z 	42017.979166665755 	41.3288332 	3.5102899 	14.649999618530273 	1509.0 	37.970401763916016 	4.620349884033203 	28.3425
2015-01-13T23:34:59.999Z 	42017.982638887974 	41.3288341 	3.5102966 	14.652000427246094 	1509.0 	37.969200134277344 	4.620150089263916 	28.3412
2015-01-13T23:39:59.999Z 	42017.98611111019 	41.3288458 	3.5103513 	14.652999877929688 	1509.0 	37.96780014038086 	4.620150089263916 	28.3398
2015-01-13T23:44:59.999Z 	42017.98958333241 	41.3292425 	3.5153787 	14.661999702453613 	1509.0999755859375 	37.966400146484375 	4.621669769287109 	28.3368
2015-01-13T23:49:59.999Z 	42017.99305555463 	41.3228477 	3.5299421 	14.652000427246094 	1509.0 	37.96910095214844 	4.620659828186035 	28.3412
2015-01-13T23:54:59.999Z 	42017.99652777685 	41.3158902 	3.5444898 	14.633999824523926 	1509.0 	37.97560119628906 	4.620049953460693 	28.3501
2015-01-13T23:59:59.999Z 	42017.99999999907 	41.3120375 	3.5511166 	14.612000465393066 	1508.9000244140625 	37.97919845581055 	4.617499828338623 	28.3579
2015-01-14T00:04:59.999Z 	42018.00347222129 	41.3133189 	3.5501696 					
