time 	latitude 	longitude 	water temperature 	water sound speed 	water salinity 	water conductivity 	anomaly of water mass density
2015-01-20T00:00:00.000Z 	42024.0 	42.9121244 	7.2707151 	14.10099983215332 	1506.0999755859375 	38.16389846801758 	4.54118013381958 	28.7096
2015-01-20T00:04:59.999Z 	42024.00347222222 	42.9016623 	7.2814789 	13.920999526977539 	1505.5 	38.20840072631836 	4.52692985534668 	28.7869
2015-01-20T00:09:59.999Z 	42024.00694444444 	42.8912644 	7.2923198 	13.802000045776367 	1505.199951171875 	38.23149871826172 	4.516749858856201 	28.8237
2015-01-20T00:14:59.999Z 	42024.01041666666 	42.8808103 	7.3033386 	13.77400016784668 	1505.0999755859375 	38.229000091552734 	4.513599872589111 	28.8274
2015-01-20T00:19:59.999Z 	42024.013888888876 	42.8703447 	7.3143101 	13.729000091552734 	1505.0 	38.23649978637695 	4.50963020324707 	28.8441
2015-01-20T00:24:59.999Z 	42024.017361111095 	42.8601083 	7.324957100000001 	13.70199966430664 	1504.9000244140625 	38.24589920043945 	4.507800102233887 	28.8557
2015-01-20T00:29:59.999Z 	42024.020833333314 	42.8531609 	7.334883500000001 	13.680999755859375 	1504.9000244140625 	38.25749969482422 	4.50678014755249 	28.868
2015-01-20T00:34:59.999Z 	42024.02430555553 	42.8505357 	7.342725000000001 	13.677000045776367 	1504.9000244140625 	38.26369857788086 	4.5069899559021 	28.8733
2015-01-20T00:39:59.999Z 	42024.02777777775 	42.8501673 	7.3495476 	13.684000015258789 	1504.9000244140625 	38.26359939575195 	4.507800102233887 	28.8726
2015-01-20T00:44:59.999Z 	42024.03124999997 	42.8506296 	7.3572169 	13.678999900817871 	1504.9000244140625 	38.26639938354492 	4.507500171661377 	28.8757
2015-01-20T00:49:59.999Z 	42024.03472222219 	42.8516321 	7.365222899999999 	13.656000137329102 	1504.699951171875 	38.27159881591797 	4.505660057067871 	28.8872
2015-01-20T00:54:59.999Z 	42024.03819444441 	42.8533139 	7.373017 	13.592000007629395 	1504.5999755859375 	38.24879837036133 	4.496510028839111 	28.8798
2015-01-20T00:59:59.999Z 	42024.04166666663 	42.8549946 	7.3803857 	13.607000350952148 	1504.5999755859375 	38.257198333740234 	4.498950004577637 	28.8845
2015-01-20T01:04:59.999Z 	42024.04513888885 	42.8561102 	7.384691899999999 	13.633999824523926 	1504.699951171875 	38.269100189208984 	4.5030198097229 	28.8868
2015-01-20T01:09:59.999Z 	42024.048611111066 	42.857826 	7.3881717 	13.645999908447266 	1504.800048828125 	38.26599884033203 	4.504039764404297 	28.8797
2015-01-20T01:14:59.999Z 	42024.052083333285 	42.8641423 	7.391214300000001 	13.638999938964844 	1504.699951171875 	38.260501861572266 	4.502709865570068 	28.8788
2015-01-20T01:19:59.999Z 	42024.055555555504 	42.8709872 	7.3966314 	13.630999565124512 	1504.699951171875 	38.25469970703125 	4.5012898445129395 	28.8763
2015-01-20T01:24:59.999Z 	42024.05902777772 	42.878021 	7.4030292 	13.626999855041504 	1504.699951171875 	38.25479888916016 	4.50078010559082 	28.8782
2015-01-20T01:29:59.999Z 	42024.06249999994 	42.8865594 	7.411438499999999 	13.657999992370605 	1504.800048828125 	38.27730178833008 	4.5064802169799805 	28.888
2015-01-20T01:34:59.999Z 	42024.06597222216 	42.8968461 	7.421596 	13.654000282287598 	1504.9000244140625 	38.286399841308594 	4.5069899559021 	28.8916
2015-01-20T01:39:59.999Z 	42024.06944444438 	42.9079719 	7.4315568999999995 	13.73900032043457 	1505.0999755859375 	38.28279876708984 	4.515530109405518 	28.8742
2015-01-20T01:44:59.999Z 	42024.0729166666 	42.9194432 	7.4422648 	13.737000465393066 	1505.0 	38.28099822998047 	4.515130043029785 	28.8758
2015-01-20T01:49:59.999Z 	42024.07638888882 	42.9309672 	7.4529785 	13.677000045776367 	1504.800048828125 	38.28820037841797 	4.50963020324707 	28.8947
2015-01-20T01:54:59.999Z 	42024.07986111104 	42.9415913 	7.461930400000001 	13.689000129699707 	1504.9000244140625 	38.287498474121094 	4.510749816894531 	28.889
2015-01-20T01:59:59.999Z 	42024.083333333256 	42.9470085 	7.4674241 	13.694000244140625 	1505.0 	38.287700653076165 	4.511360168457031 	28.8876
2015-01-20T02:04:59.999Z 	42024.086805555475 	42.9472481 	7.468447799999999 	13.685999870300293 	1504.9000244140625 	38.28839874267578 	4.510550022125244 	28.8903
2015-01-20T02:09:59.999Z 	42024.090277777694 	42.947258 	7.468449199999999 	13.6850004196167 	1504.9000244140625 	38.28810119628906 	4.5104498863220215 	28.89
2015-01-20T02:14:59.999Z 	42024.09374999991 	42.9472523 	7.468446500000001 	13.685999870300293 	1504.9000244140625 	38.28839874267578 	4.510550022125244 	28.8907
2015-01-20T02:19:59.999Z 	42024.09722222213 	42.9472472 	7.4684554 	13.6899995803833 	1504.9000244140625 	38.28900146484375 	4.5110602378845215 	28.8907
2015-01-20T02:24:59.999Z 	42024.10069444435 	42.9472568 	7.468448399999999 	13.680999755859375 	1504.9000244140625 	38.28850173950195 	4.510039806365967 	28.8913
2015-01-20T02:29:59.999Z 	42024.10416666657 	42.9472627 	7.468456700000001 	13.685999870300293 	1504.9000244140625 	38.28739929199219 	4.5104498863220215 	28.8892
2015-01-20T02:34:59.999Z 	42024.10763888879 	42.9472608 	7.4684534 	13.687000274658203 	1504.9000244140625 	38.288700103759766 	4.510650157928467 	28.8901
2015-01-20T02:39:59.999Z 	42024.11111111101 	42.9472567 	7.468453499999999 	13.687000274658203 	1504.9000244140625 	38.28889846801758 	4.510749816894531 	28.8903
2015-01-20T02:44:59.999Z 	42024.11458333323 	42.9472546 	7.468454999999999 	13.677000045776367 	1504.9000244140625 	38.28889846801758 	4.50963020324707 	28.8924
2015-01-20T02:49:59.999Z 	42024.118055555446 	42.9472498 	7.468455500000001 	13.675999641418457 	1504.9000244140625 	38.28960037231445 	4.50963020324707 	28.8922
2015-01-20T02:54:59.999Z 	42024.121527777665 	42.9472622 	7.4684539 	13.684000015258789 	1504.9000244140625 	38.28860092163086 	4.510350227355957 	28.8908
2015-01-20T02:59:59.999Z 	42024.12499999988 	42.9472535 	7.4684593 	13.682000160217285 	1504.9000244140625 	38.289798736572266 	4.510240077972412 	28.8919
2015-01-20T03:04:59.999Z 	42024.1284722221 	42.9472504 	7.4684611 	13.687000274658203 	1504.9000244140625 	38.29059982299805 	4.510849952697754 	28.8922
2015-01-20T03:09:59.999Z 	42024.13194444432 	42.9472577 	7.468463699999999 	13.6850004196167 	1504.9000244140625 	38.29010009765625 	4.510650157928467 	28.8912
2015-01-20T03:14:59.999Z 	42024.13541666654 	42.9472522 	7.468468100000001 	13.682999610900879 	1504.9000244140625 	38.29029846191406 	4.5104498863220215 	28.8921
2015-01-20T03:19:59.999Z 	42024.13888888876 	42.9472591 	7.4684596999999995 	13.680000305175781 	1504.9000244140625 	38.28990173339844 	4.510039806365967 	28.8929
2015-01-20T03:24:59.999Z 	42024.14236111098 	42.9472516 	7.4684673 	13.687000274658203 	1504.9000244140625 	38.29059982299805 	4.510849952697754 	28.8914
2015-01-20T03:29:59.999Z 	42024.1458333332 	42.9472543 	7.468460099999999 	13.685999870300293 	1504.9000244140625 	38.29029846191406 	4.510749816894531 	28.8917
2015-01-20T03:34:59.999Z 	42024.14930555542 	42.9472555 	7.4684571 	13.689000129699707 	1504.9000244140625 	38.28969955444336 	4.5110602378845215 	28.8899
2015-01-20T03:39:59.999Z 	42024.152777777635 	42.94725 	7.4684577 	13.684000015258789 	1504.9000244140625 	38.291500091552734 	4.510650157928467 	28.8929
2015-01-20T03:44:59.999Z 	42024.156249999854 	42.9472455 	7.468465199999999 	13.684000015258789 	1504.9000244140625 	38.29050064086914 	4.510550022125244 	28.8921
2015-01-20T03:49:59.999Z 	42024.15972222207 	42.9472457 	7.4684642 	13.682000160217285 	1504.9000244140625 	38.290000915527344 	4.510350227355957 	28.8916
2015-01-20T03:54:59.999Z 	42024.16319444429 	42.9472522 	7.4684610000000005 	13.682000160217285 	1504.9000244140625 	38.29100036621094 	4.5104498863220215 	28.8931
2015-01-20T03:59:59.999Z 	42024.16666666651 	42.9472543 	7.468466300000001 	13.684000015258789 	1504.9000244140625 	38.28960037231445 	4.5104498863220215 	28.8913
2015-01-20T04:04:59.999Z 	42024.17013888873 	42.9472531 	7.4684634 	13.6850004196167 	1504.9000244140625 	38.29010009765625 	4.510650157928467 	28.8914
2015-01-20T04:09:59.999Z 	42024.17361111095 	42.947254 	7.4684631 	13.684000015258789 	1504.9000244140625 	38.29079818725586 	4.510650157928467 	28.8922
2015-01-20T04:14:59.999Z 	42024.17708333317 	42.9472459 	7.4684688 	13.689000129699707 	1504.9000244140625 	38.28850173950195 	4.510849952697754 	28.8895
2015-01-20T04:19:59.999Z 	42024.18055555539 	42.9472633 	7.4684616 	13.6850004196167 	1504.9000244140625 	38.29010009765625 	4.510650157928467 	28.8912
2015-01-20T04:24:59.999Z 	42024.18402777761 	42.9472598 	7.4684593 	13.685999870300293 	1504.9000244140625 	38.29029846191406 	4.510749816894531 	28.8904
2015-01-20T04:29:59.999Z 	42024.187499999825 	42.9472517 	7.468465 	13.692000389099121 	1504.9000244140625 	38.29050064086914 	4.511360168457031 	28.8909
2015-01-20T04:34:59.999Z 	42024.190972222044 	42.9472531 	7.4684581 	13.692999839782715 	1504.9000244140625 	38.290000915527344 	4.511459827423096 	28.8899
2015-01-20T04:39:59.999Z 	42024.19444444426 	42.9472547 	7.4684619 	13.687000274658203 	1504.9000244140625 	38.29059982299805 	4.510849952697754 	28.8916
2015-01-20T04:44:59.999Z 	42024.19791666648 	42.9472318 	7.4684699 	13.692999839782715 	1504.9000244140625 	38.290000915527344 	4.511459827423096 	28.89
2015-01-20T04:49:59.999Z 	42024.2013888887 	42.94724 	7.4684677 	13.687999725341797 	1504.9000244140625 	38.28919982910156 	4.510849952697754 	28.8898
2015-01-20T04:54:59.999Z 	42024.20486111092 	42.9472489 	7.4684623 	13.687999725341797 	1504.9000244140625 	38.28919982910156 	4.510849952697754 	28.89
2015-01-20T04:59:59.999Z 	42024.20833333314 	42.9472473 	7.468458299999999 	13.685999870300293 	1504.9000244140625 	38.289398193359375 	4.510650157928467 	28.8899
2015-01-20T05:04:59.999Z 	42024.21180555536 	42.9472389 	7.468457300000001 	13.682000160217285 	1504.9000244140625 	38.28900146484375 	4.510240077972412 	28.8904
2015-01-20T05:09:59.999Z 	42024.21527777758 	42.9472502 	7.468454999999999 	13.680000305175781 	1504.9000244140625 	38.28919982910156 	4.510039806365967 	28.8905
2015-01-20T05:14:59.999Z 	42024.218749999796 	42.9472476 	7.4684683 	13.682000160217285 	1504.9000244140625 	38.290000915527344 	4.510350227355957 	28.8906
2015-01-20T05:19:59.999Z 	42024.222222222015 	42.9472502 	7.468458599999999 	13.684000015258789 	1505.0 	38.29050064086914 	4.510550022125244 	28.8893
2015-01-20T05:24:59.999Z 	42024.225694444234 	42.9472567 	7.468458299999999 	13.689000129699707 	1505.0 	38.29240036010742 	4.511260032653809 	28.8905
2015-01-20T05:29:59.999Z 	42024.22916666645 	42.947282 	7.468442699999999 	13.687000274658203 	1505.0 	38.29180145263672 	4.5110602378845215 	28.891
2015-01-20T05:34:59.999Z 	42024.23263888867 	42.9473003 	7.468435000000001 	13.689000129699707 	1505.0 	38.29460144042969 	4.511569976806641 	28.892
2015-01-20T05:39:59.999Z 	42024.23611111089 	42.9472928 	7.4684534 	13.689000129699707 	1505.0 	38.293598175048835 	4.511459827423096 	28.8916
2015-01-20T05:44:59.999Z 	42024.23958333311 	42.9472886 	7.468441400000001 	13.684000015258789 	1504.9000244140625 	38.291500091552734 	4.510650157928467 	28.891
2015-01-20T05:49:59.999Z 	42024.24305555533 	42.9472981 	7.4684409 	13.689000129699707 	1504.9000244140625 	38.291400909423835 	4.511159896850586 	28.891
2015-01-20T05:54:59.999Z 	42024.24652777755 	42.9472903 	7.4684367 	13.680999755859375 	1504.9000244140625 	38.29240036010742 	4.5104498863220215 	28.8934
2015-01-20T05:59:59.999Z 	42024.24999999977 	42.9472895 	7.4684349 	13.680000305175781 	1504.9000244140625 	38.291900634765625 	4.510240077972412 	28.893
2015-01-20T06:04:59.999Z 	42024.253472221986 	42.9472976 	7.4684367 	13.682000160217285 	1504.9000244140625 	38.29199981689453 	4.510550022125244 	28.8929
2015-01-20T06:09:59.999Z 	42024.256944444205 	42.9472936 	7.4684303000000005 	13.680000305175781 	1504.9000244140625 	38.29209899902344 	4.510350227355957 	28.8934
2015-01-20T06:14:59.999Z 	42024.260416666424 	42.9472831 	7.468439600000001 	13.675000190734863 	1504.9000244140625 	38.29130172729492 	4.509729862213135 	28.8926
2015-01-20T06:19:59.999Z 	42024.26388888864 	42.947288 	7.4684362 	13.675000190734863 	1504.9000244140625 	38.29130172729492 	4.509729862213135 	28.8938
2015-01-20T06:24:59.999Z 	42024.26736111086 	42.9472853 	7.4684421 	13.67199993133545 	1504.9000244140625 	38.291900634765625 	4.509429931640625 	28.8943
2015-01-20T06:29:59.999Z 	42024.27083333308 	42.9472818 	7.468438699999999 	13.673999786376953 	1504.9000244140625 	38.29169845581055 	4.50963020324707 	28.8938
2015-01-20T06:34:59.999Z 	42024.2743055553 	42.947276 	7.4684332 	13.67199993133545 	1504.9000244140625 	38.28929901123047 	4.509230136871338 	28.893
2015-01-20T06:39:59.999Z 	42024.27777777752 	42.9472779 	7.4684488 	13.682000160217285 	1504.9000244140625 	38.29069900512695 	4.510350227355957 	28.8936
2015-01-20T06:44:59.999Z 	42024.28124999974 	42.9471366 	7.4669259 	13.675999641418457 	1504.9000244140625 	38.29249954223633 	4.509940147399902 	28.8953
2015-01-20T06:49:59.999Z 	42024.28472222196 	42.9472958 	7.464078799999999 	13.659000396728516 	1504.9000244140625 	38.29399871826172 	4.508309841156006 	28.8973
2015-01-20T06:54:59.999Z 	42024.288194444176 	42.9511601 	7.4630385 	13.649999618530273 	1504.800048828125 	38.29059982299805 	4.5069899559021 	28.8969
2015-01-20T06:59:59.999Z 	42024.291666666395 	42.9585718 	7.465446 	13.65999984741211 	1504.9000244140625 	38.281700134277344 	4.507090091705322 	28.8876
2015-01-20T07:04:59.999Z 	42024.295138888614 	42.9701726 	7.4672877 	13.677000045776367 	1504.9000244140625 	38.27849960327149 	4.508619785308838 	28.881
2015-01-20T07:09:59.999Z 	42024.29861111083 	42.9830497 	7.469169800000001 	13.699000358581543 	1505.0 	38.260398864746094 	4.50901985168457 	28.8621
2015-01-20T07:14:59.999Z 	42024.30208333305 	42.9966677 	7.4711842 	13.720999717712402 	1505.0 	38.23849868774414 	4.50901985168457 	28.8409
2015-01-20T07:19:59.999Z 	42024.30555555527 	43.0110329 	7.473442699999999 	13.67199993133545 	1504.800048828125 	38.235698699951165 	4.503530025482178 	28.8553
2015-01-20T07:24:59.999Z 	42024.30902777749 	43.0263044 	7.4757378999999995 	13.638999938964844 	1504.699951171875 	38.26539993286133 	4.503220081329346 	28.8818
2015-01-20T07:29:59.999Z 	42024.31249999971 	43.0416903 	7.477818 	13.621999740600586 	1504.699951171875 	38.26689910888672 	4.501589775085449 	28.8839
2015-01-20T07:34:59.999Z 	42024.31597222193 	43.0555605 	7.4794098 	13.682000160217285 	1461.0 	1.1008000373840332 	0.16757500171661377 	0.203823
2015-01-20T07:39:59.999Z 	42024.31944444415 	43.0641 	7.4800397 	13.812000274658203 	1460.5999755859375 	0.6635000109672546 	0.10367099940776825 	-0.142524
2015-01-20T07:44:59.999Z 	42024.322916666366 	43.0718448 	7.4805144 					
2015-01-20T07:49:59.999Z 	42024.326388888585 	43.081518 	7.4818078 					
2015-01-20T07:54:59.999Z 	42024.329861110804 	43.0856145 	7.4840836 					
2015-01-20T07:59:59.999Z 	42024.33333333302 	43.086979 	7.486047999999999 					
2015-01-20T08:04:59.999Z 	42024.33680555524 	43.0905003 	7.4939436 					
2015-01-20T08:09:59.999Z 	42024.34027777746 	43.094679 	7.502985200000001 					
2015-01-20T08:14:59.999Z 	42024.34374999968 	43.0992322 	7.5120423 					
2015-01-20T08:19:59.999Z 	42024.3472222219 	43.1037973 	7.5215034 					
2015-01-20T08:24:59.999Z 	42024.35069444412 	43.1092654 	7.5329554000000005 					
2015-01-20T08:29:59.999Z 	42024.35416666634 	43.1153064 	7.544477499999999 					
2015-01-20T08:34:59.999Z 	42024.357638888556 	43.1213746 	7.5567348 					
2015-01-20T08:39:59.999Z 	42024.361111110775 	43.1276097 	7.5694071 					
2015-01-20T08:44:59.999Z 	42024.364583332994 	43.1342595 	7.583069199999999 					
2015-01-20T08:49:59.999Z 	42024.36805555521 	43.140833 	7.5968746000000005 					
2015-01-20T08:54:59.999Z 	42024.37152777743 	43.1479355 	7.610411699999999 					
2015-01-20T08:59:59.999Z 	42024.37499999965 	43.1546371 	7.6243666999999995 					
2015-01-20T09:04:59.999Z 	42024.37847222187 	43.1617617 	7.637672399999999 					
2015-01-20T09:09:59.999Z 	42024.38194444409 	43.1689677 	7.651553399999999 					
2015-01-20T09:14:59.999Z 	42024.38541666631 	43.1757228 	7.665345699999999 					
2015-01-20T09:19:59.999Z 	42024.38888888853 	43.182402 	7.679098100000001 					
2015-01-20T09:24:59.999Z 	42024.392361110746 	43.1893484 	7.6933069 					
2015-01-20T09:29:59.999Z 	42024.395833332965 	43.1963776 	7.7074993 					
2015-01-20T09:34:59.999Z 	42024.399305555184 	43.2034252 	7.721500799999999 					
2015-01-20T09:39:59.999Z 	42024.4027777774 	43.2104314 	7.7354602 					
2015-01-20T09:44:59.999Z 	42024.40624999962 	43.2178134 	7.7493376000000005 					
2015-01-20T09:49:59.999Z 	42024.40972222184 	43.2251771 	7.7630698 					
2015-01-20T09:54:59.999Z 	42024.41319444406 	43.2320025 	7.7772928 					
2015-01-20T09:59:59.999Z 	42024.41666666628 	43.2388496 	7.7916263 					
2015-01-20T10:04:59.999Z 	42024.4201388885 	43.2456482 	7.806111 					
2015-01-20T10:09:59.999Z 	42024.42361111072 	43.252334 	7.820444 					
2015-01-20T10:14:59.999Z 	42024.427083332936 	43.2600867 	7.8342772 					
2015-01-20T10:19:59.999Z 	42024.430555555155 	43.2677773 	7.848277099999999 					
2015-01-20T10:24:59.999Z 	42024.43402777737 	43.2718615 	7.860008199999999 					
2015-01-20T10:29:59.999Z 	42024.43749999959 	43.270765 	7.8702721 					
2015-01-20T10:34:59.999Z 	42024.44097222181 	43.2661099 	7.8800004999999995 					
2015-01-20T10:39:59.999Z 	42024.44444444403 	43.2586593 	7.8870365 					
2015-01-20T10:44:59.999Z 	42024.44791666625 	43.2498009 	7.888732900000001 					
2015-01-20T10:49:59.999Z 	42024.45138888847 	43.2410868 	7.884519900000001 					
2015-01-20T10:54:59.999Z 	42024.45486111069 	43.2356522 	7.875441 					
2015-01-20T10:59:59.999Z 	42024.45833333291 	43.2343891 	7.863135600000001 					
2015-01-20T11:04:59.999Z 	42024.461805555125 	43.2335221 	7.848437400000001 					
2015-01-20T11:09:59.999Z 	42024.465277777344 	43.2326196 	7.833104800000001 					
2015-01-20T11:14:59.999Z 	42024.46874999956 	43.2316103 	7.817808 					
2015-01-20T11:19:59.999Z 	42024.47222222178 	43.2304707 	7.802822500000001 					
2015-01-20T11:24:59.999Z 	42024.475694444 	43.2287987 	7.7876601 					
2015-01-20T11:29:59.999Z 	42024.47916666622 	43.2252297 	7.7725276 					
2015-01-20T11:34:59.999Z 	42024.48263888844 	43.2208258 	7.758196099999999 					
2015-01-20T11:39:59.999Z 	42024.48611111066 	43.2147165 	7.7447634 					
2015-01-20T11:44:59.999Z 	42024.48958333288 	43.208625 	7.731375000000001 					
2015-01-20T11:49:59.999Z 	42024.493055555096 	43.2022628 	7.718211899999999 					
2015-01-20T11:54:59.999Z 	42024.496527777315 	43.1957198 	7.705097900000001 					
2015-01-20T11:59:59.999Z 	42024.499999999534 	43.1891188 	7.69199 					
2015-01-20T12:04:59.999Z 	42024.50347222175 	43.1825103 	7.678909 					
2015-01-20T12:09:59.999Z 	42024.50694444397 	43.1760855 	7.6659341 					
2015-01-20T12:14:59.999Z 	42024.51041666619 	43.1696672 	7.6532119000000005 					
2015-01-20T12:19:59.999Z 	42024.51388888841 	43.1632458 	7.6403711 					
2015-01-20T12:24:59.999Z 	42024.51736111063 	43.1568605 	7.6272945 					
2015-01-20T12:29:59.999Z 	42024.52083333285 	43.1505895 	7.614175899999999 					
2015-01-20T12:34:59.999Z 	42024.52430555507 	43.1443091 	7.6011013 					
2015-01-20T12:39:59.999Z 	42024.527777777286 	43.1377533 	7.588013599999999 					
2015-01-20T12:44:59.999Z 	42024.531249999505 	43.1311087 	7.574923 					
2015-01-20T12:49:59.999Z 	42024.534722221724 	43.1244403 	7.561829999999999 					
2015-01-20T12:54:59.999Z 	42024.53819444394 	43.1176768 	7.548446599999999 					
2015-01-20T12:59:59.999Z 	42024.54166666616 	43.1110454 	7.5348837 					
2015-01-20T13:04:59.999Z 	42024.54513888838 	43.1045052 	7.5212365000000005 					
2015-01-20T13:09:59.999Z 	42024.5486111106 	43.0980051 	7.5075313 					
2015-01-20T13:14:59.999Z 	42024.55208333282 	43.0912549 	7.494222200000001 					
2015-01-20T13:19:59.999Z 	42024.55555555504 	43.0845441 	7.4806843 					
2015-01-20T13:24:59.999Z 	42024.55902777726 	43.0777114 	7.467677200000001 					
2015-01-20T13:29:59.999Z 	42024.562499999476 	43.0707751 	7.4583732000000005 					
2015-01-20T13:34:59.999Z 	42024.565972221695 	43.0637071 	7.453846200000001 					
2015-01-20T13:39:59.999Z 	42024.569444443914 	43.0561233 	7.453749 					
2015-01-20T13:44:59.999Z 	42024.57291666613 	43.0491473 	7.4577667000000005 					
2015-01-20T13:49:59.999Z 	42024.57638888835 	43.0437202 	7.4647333 					
2015-01-20T13:54:59.999Z 	42024.57986111057 	43.0404813 	7.473907 					
2015-01-20T13:59:59.999Z 	42024.58333333279 	43.0380158 	7.485857200000001 					
2015-01-20T14:04:59.999Z 	42024.58680555501 	43.0357585 	7.4995971 					
2015-01-20T14:09:59.999Z 	42024.59027777723 	43.0330323 	7.5127566 					
2015-01-20T14:14:59.999Z 	42024.59374999945 	43.0305771 	7.5268269 					
2015-01-20T14:19:59.999Z 	42024.597222221666 	43.0276706 	7.5408883 					
2015-01-20T14:24:59.999Z 	42024.600694443885 	43.0248099 	7.5547468 					
2015-01-20T14:29:59.999Z 	42024.604166666104 	43.0230385 	7.565484599999999 					
2015-01-20T14:34:59.999Z 	42024.60763888832 	43.0256294 	7.574535900000001 					
2015-01-20T14:39:59.999Z 	42024.61111111054 	43.0320883 	7.5797559 					
2015-01-20T14:44:59.999Z 	42024.61458333276 	43.0404077 	7.5803219 					
2015-01-20T14:49:59.999Z 	42024.61805555498 	43.0488214 	7.576864500000001 					
2015-01-20T14:54:59.999Z 	42024.6215277772 	43.0572624 	7.5715178 					
2015-01-20T14:59:59.999Z 	42024.62499999942 	43.0670819 	7.5625414 					
2015-01-20T15:04:59.999Z 	42024.62847222164 	43.0773583 	7.551570399999999 					
2015-01-20T15:09:59.999Z 	42024.631944443856 	43.0875957 	7.5406074 					
2015-01-20T15:14:59.999Z 	42024.635416666075 	43.098292 	7.5295148 					
2015-01-20T15:19:59.999Z 	42024.638888888294 	43.1088363 	7.5184184 					
2015-01-20T15:24:59.999Z 	42024.64236111051 	43.1190961 	7.507418799999999 					
2015-01-20T15:29:59.999Z 	42024.64583333273 	43.1295347 	7.4965214 					
2015-01-20T15:34:59.999Z 	42024.64930555495 	43.139941 	7.4853641 					
2015-01-20T15:39:59.999Z 	42024.65277777717 	43.1503788 	7.474175300000001 					
2015-01-20T15:44:59.999Z 	42024.65624999939 	43.1606991 	7.4629378 					
2015-01-20T15:49:59.999Z 	42024.65972222161 	43.171197 	7.4517018 					
2015-01-20T15:54:59.999Z 	42024.66319444383 	43.1816239 	7.440597 					
2015-01-20T15:59:59.999Z 	42024.666666666046 	43.1920104 	7.4295687 					
2015-01-20T16:04:59.999Z 	42024.670138888265 	43.2024837 	7.418335 					
2015-01-20T16:09:59.999Z 	42024.673611110484 	43.2129717 	7.406961199999999 					
2015-01-20T16:14:59.999Z 	42024.6770833327 	43.2234188 	7.395955 					
2015-01-20T16:19:59.999Z 	42024.68055555492 	43.2337476 	7.384905 	14.684000015258789 	1507.800048828125 	38.09600067138672 	4.595419883728027 	28.5345
2015-01-20T16:24:59.999Z 	42024.68402777714 	43.2439123 	7.3737421 	14.640000343322754 	1507.699951171875 	38.099098205566406 	4.591040134429932 	28.5448
2015-01-20T16:29:59.999Z 	42024.68749999936 	43.2535017 	7.362326 	14.786999702453613 	1508.300048828125 	38.07699966430664 	4.604169845581055 	28.4853
2015-01-20T16:34:59.999Z 	42024.69097222158 	43.2634457 	7.351477599999999 	14.918000221252441 	1508.699951171875 	38.07220077514649 	4.617609977722168 	28.4518
2015-01-20T16:39:59.999Z 	42024.6944444438 	43.2735752 	7.340751099999999 	14.972000122070312 	1508.9000244140625 	38.067100524902344 	4.622690200805664 	28.4366
2015-01-20T16:44:59.999Z 	42024.69791666602 	43.283607 	7.3299167 	14.9399995803833 	1509.0 	38.06439971923828 	4.619029998779297 	28.4274
2015-01-20T16:49:59.999Z 	42024.701388888236 	43.293463 	7.3190436 	14.996000289916992 	1508.9000244140625 	38.05179977416992 	4.623610019683838 	28.4212
2015-01-20T16:54:59.999Z 	42024.704861110455 	43.3035104 	7.3083054999999995 	15.109999656677246 	1509.5 	38.0452995300293 	4.6349101066589355 	28.376
2015-01-20T16:59:59.999Z 	42024.708333332674 	43.3134832 	7.297555799999999 	15.435999870300293 	1510.4000244140625 	38.01110076904297 	4.665750026702881 	28.2793
2015-01-20T17:04:59.999Z 	42024.71180555489 	43.3233986 	7.2871946 	15.534000396728516 	1510.699951171875 	38.00579833984375 	4.675519943237305 	28.2565
2015-01-20T17:09:59.999Z 	42024.71527777711 	43.3333826 	7.276961699999999 	15.593999862670898 	1510.800048828125 	38.00579833984375 	4.681940078735352 	28.2425
2015-01-20T17:14:59.999Z 	42024.71874999933 	43.343245 	7.266730399999999 	15.595000267028809 	1510.800048828125 	38.003299713134766 	4.681729793548584 	28.2443
2015-01-20T17:19:59.999Z 	42024.72222222155 	43.3528459 	7.2565511 	15.586999893188477 	1510.800048828125 	38.00410079956055 	4.6810197830200195 	28.2435
2015-01-20T17:24:59.999Z 	42024.72569444377 	43.3624793 	7.246059899999999 	15.553999900817871 	1510.5999755859375 	38.00350189208984 	4.677460193634033 	28.2571
2015-01-20T17:29:59.999Z 	42024.72916666599 	43.372119 	7.235799900000001 	15.472000122070312 	1510.300048828125 	38.0098991394043 	4.669419765472412 	28.2881
2015-01-20T17:34:59.999Z 	42024.73263888821 	43.3817069 	7.2255426 	15.230999946594238 	1509.4000244140625 	38.027000427246094 	4.6458001136779785 	28.3615
2015-01-20T17:39:59.999Z 	42024.736111110426 	43.3913086 	7.2145195 	14.894000053405762 	1508.5999755859375 	38.06840133666992 	4.6145501136779785 	28.4533
2015-01-20T17:44:59.999Z 	42024.739583332645 	43.4010537 	7.2036515 	14.913000106811523 	1508.699951171875 	38.065399169921875 	4.6162800788879395 	28.4493
2015-01-20T17:49:59.999Z 	42024.74305555486 	43.4105936 	7.1923829 	15.26200008392334 	1510.0 	38.016498565673835 	4.647940158843994 	28.3164
2015-01-20T17:54:59.999Z 	42024.74652777708 	43.4207975 	7.182583 	15.569999694824219 	1510.800048828125 	37.997501373291016 	4.678470134735107 	28.2363
2015-01-20T17:59:59.999Z 	42024.7499999993 	43.4310815 	7.172693600000001 	15.701000213623047 	1511.0999755859375 	37.9922981262207 	4.691810131072998 	28.2095
2015-01-20T18:04:59.999Z 	42024.75347222152 	43.4409536 	7.1619665 	15.706000328063965 	1511.0999755859375 	37.984901428222656 	4.691510200500488 	28.2052
2015-01-20T18:09:59.999Z 	42024.75694444374 	43.4507782 	7.1530431 	15.6899995803833 	1511.0999755859375 	37.98429870605469 	4.689770221710205 	28.2086
2015-01-20T18:14:59.999Z 	42024.76041666596 	43.4597255 	7.1501368 	15.682999610900879 	1511.0999755859375 	37.98699951171875 	4.68927001953125 	28.2113
2015-01-20T18:19:59.999Z 	42024.76388888818 	43.4664307 	7.1521437 	15.706999778747559 	1511.0999755859375 	37.9900016784668 	4.692220211029053 	28.2077
2015-01-20T18:24:59.999Z 	42024.7673611104 	43.4707424 	7.1596439 	15.73799991607666 	1511.199951171875 	37.99079895019531 	4.695580005645752 	28.2023
2015-01-20T18:29:59.999Z 	42024.770833332615 	43.4732105 	7.171999300000001 	15.736000061035156 	1511.199951171875 	37.99250030517578 	4.695479869842529 	28.2055
2015-01-20T18:34:59.999Z 	42024.774305554834 	43.4756074 	7.185742399999999 	15.682000160217285 	1511.0 	37.98860168457031 	4.689370155334473 	28.2173
2015-01-20T18:39:59.999Z 	42024.77777777705 	43.4774072 	7.200750500000001 	15.611000061035156 	1510.800048828125 	37.99259948730469 	4.682240009307861 	28.2332
2015-01-20T18:44:59.999Z 	42024.78124999927 	43.4795057 	7.2162992 	15.645000457763672 	1511.0 	37.98540115356445 	4.685090065002441 	28.2174
2015-01-20T18:49:59.999Z 	42024.78472222149 	43.4812203 	7.2318857 	15.737000465393066 	1511.199951171875 	37.99029922485351 	4.695370197296143 	28.2067
2015-01-20T18:54:59.999Z 	42024.78819444371 	43.4824722 	7.2473141 	15.560999870300293 	1510.699951171875 	38.00590133666992 	4.678369998931885 	28.2561
2015-01-20T18:59:59.999Z 	42024.79166666593 	43.4837344 	7.2626295 	15.470000267028809 	1510.199951171875 	38.01570129394531 	4.6698198318481445 	28.2966
2015-01-20T19:04:59.999Z 	42024.79513888815 	43.4856377 	7.277748100000001 	15.052000045776367 	1509.0999755859375 	38.04690170288086 	4.629000186920166 	28.4
2015-01-20T19:09:59.999Z 	42024.79861111037 	43.4881989 	7.292844099999999 	15.121000289916992 	1509.4000244140625 	38.04109954833984 	4.6356201171875 	28.3788
2015-01-20T19:14:59.999Z 	42024.802083332586 	43.4899687 	7.308395600000001 	15.258000373840332 	1509.800048828125 	38.03239822387695 	4.649159908294678 	28.3401
2015-01-20T19:19:59.999Z 	42024.805555554805 	43.4916401 	7.3243956 	15.333000183105469 	1510.0 	38.0265998840332 	4.656489849090576 	28.3234
2015-01-20T19:24:59.999Z 	42024.809027777024 	43.4931729 	7.3403539 	15.345000267028809 	1510.0999755859375 	38.024799346923835 	4.657609939575195 	28.3165
2015-01-20T19:29:59.999Z 	42024.81249999924 	43.4947179 	7.356352399999999 	15.409000396728516 	1510.199951171875 	38.021099090576165 	4.663919925689697 	28.2992
2015-01-20T19:34:59.999Z 	42024.81597222146 	43.4962835 	7.3726409 	15.444999694824219 	1510.300048828125 	38.01729965209961 	4.667379856109619 	28.2901
2015-01-20T19:39:59.999Z 	42024.81944444368 	43.4978432 	7.3889002 	15.487000465393066 	1510.5 	38.01580047607422 	4.671649932861328 	28.2782
2015-01-20T19:44:59.999Z 	42024.8229166659 	43.499323 	7.40496 	15.51200008392334 	1510.5 	38.01409912109375 	4.674099922180176 	28.272
2015-01-20T19:49:59.999Z 	42024.82638888812 	43.5013348 	7.4211427 	15.519000053405762 	1510.5999755859375 	38.01300048828125 	4.674709796905518 	28.2684
2015-01-20T19:54:59.999Z 	42024.82986111034 	43.503287 	7.437287199999999 	15.53600025177002 	1510.5999755859375 	38.01309967041016 	4.676539897918701 	28.2662
2015-01-20T19:59:59.999Z 	42024.83333333256 	43.5050083 	7.453349 	15.493000030517578 	1510.5 	38.01530075073242 	4.672269821166992 	28.2783
2015-01-20T20:04:59.999Z 	42024.836805554776 	43.5066937 	7.469643200000001 	15.541000366210938 	1510.699951171875 	38.010601043701165 	4.676849842071533 	28.2608
2015-01-20T20:09:59.999Z 	42024.840277776995 	43.5083532 	7.4859917 	15.579999923706055 	1510.800048828125 	38.01169967651367 	4.681119918823242 	28.2541
2015-01-20T20:14:59.999Z 	42024.843749999214 	43.5101412 	7.502204299999999 	15.600000381469727 	1510.800048828125 	38.0088005065918 	4.682849884033203 	28.2474
2015-01-20T20:19:59.999Z 	42024.84722222143 	43.5119884 	7.5185458 	15.588000297546387 	1510.800048828125 	38.00619888305664 	4.68133020401001 	28.2475
2015-01-20T20:24:59.999Z 	42024.85069444365 	43.5138088 	7.535099300000001 	15.588000297546387 	1510.699951171875 	38.00529861450195 	4.681220054626465 	28.2503
2015-01-20T20:29:59.999Z 	42024.85416666587 	43.5155313 	7.5515666 	15.579999923706055 	1510.699951171875 	38.007999420166016 	4.6807098388671875 	28.2528
2015-01-20T20:34:59.999Z 	42024.85763888809 	43.5172967 	7.5680281 	15.57800006866455 	1510.699951171875 	38.00809860229492 	4.6805100440979 	28.2539
2015-01-20T20:39:59.999Z 	42024.86111111031 	43.5190673 	7.5845229 	15.572999954223633 	1510.699951171875 	38.006000518798835 	4.679699897766113 	28.2514
2015-01-20T20:44:59.999Z 	42024.86458333253 	43.5207905 	7.600812100000001 	15.574000358581543 	1510.699951171875 	38.00619888305664 	4.679800033569336 	28.2529
2015-01-20T20:49:59.999Z 	42024.86805555475 	43.5224478 	7.617036800000001 	15.552000045776367 	1510.5999755859375 	38.00429916381836 	4.677249908447266 	28.2557
2015-01-20T20:54:59.999Z 	42024.871527776966 	43.524143 	7.6333648 	15.559000015258789 	1510.699951171875 	38.00529861450195 	4.678170204162598 	28.2556
2015-01-20T20:59:59.999Z 	42024.874999999185 	43.5257251 	7.6495183 	15.597000122070312 	1510.800048828125 	38.00310134887695 	4.681940078735352 	28.2428
2015-01-20T21:04:59.999Z 	42024.878472221404 	43.5276355 	7.6654391 	15.595999717712402 	1510.800048828125 	38.00199890136719 	4.681729793548584 	28.2446
2015-01-20T21:09:59.999Z 	42024.88194444362 	43.5296356 	7.6815774999999995 	15.54699993133545 	1510.5999755859375 	38.00519943237305 	4.676849842071533 	28.2625
2015-01-20T21:14:59.999Z 	42024.88541666584 	43.5317313 	7.6975279 	15.468999862670898 	1510.4000244140625 	38.006099700927734 	4.668700218200684 	28.2776
2015-01-20T21:19:59.999Z 	42024.88888888806 	43.533571 	7.7133621 	15.446999549865723 	1510.300048828125 	38.006000518798835 	4.666359901428223 	28.2831
2015-01-20T21:24:59.999Z 	42024.89236111028 	43.5353694 	7.729422199999999 	15.435999870300293 	1510.300048828125 	38.003700256347656 	4.664939880371094 	28.2819
2015-01-20T21:29:59.999Z 	42024.8958333325 	43.5370664 	7.745539999999999 	15.406000137329102 	1510.199951171875 	38.004398345947266 	4.661880016326904 	28.289
2015-01-20T21:34:59.999Z 	42024.89930555472 	43.538505 	7.761525 	15.430999755859375 	1510.300048828125 	38.00709915161133 	4.664730072021484 	28.2853
2015-01-20T21:39:59.999Z 	42024.90277777694 	43.5399758 	7.7775881 	15.41100025177002 	1510.199951171875 	38.00809860229492 	4.662799835205078 	28.2917
2015-01-20T21:44:59.999Z 	42024.906249999156 	43.5413888 	7.793594200000001 	15.418000221252441 	1510.199951171875 	38.007999420166016 	4.663509845733643 	28.2901
2015-01-20T21:49:59.999Z 	42024.909722221375 	43.543127 	7.8094095 	15.38599967956543 	1510.0999755859375 	38.0088996887207 	4.660250186920166 	28.3001
2015-01-20T21:54:59.999Z 	42024.913194443594 	43.5453923 	7.825037 	15.37600040435791 	1510.0999755859375 	38.00960159301758 	4.659239768981934 	28.3001
2015-01-20T21:59:59.999Z 	42024.91666666581 	43.5474879 	7.840819499999999 	15.368000030517578 	1510.0999755859375 	38.02320098876953 	4.659850120544434 	28.3121
2015-01-20T22:04:59.999Z 	42024.92013888803 	43.5489013 	7.856693 	15.376999855041504 	1510.0999755859375 	38.0275993347168 	4.6612701416015625 	28.3156
2015-01-20T22:09:59.999Z 	42024.92361111025 	43.5501679 	7.8725313 	15.359000205993652 	1510.0999755859375 	38.02730178833008 	4.659339904785156 	28.318
2015-01-20T22:14:59.999Z 	42024.92708333247 	43.5517287 	7.8884965000000005 	15.3149995803833 	1509.9000244140625 	38.032100677490234 	4.655270099639893 	28.3338
2015-01-20T22:19:59.999Z 	42024.93055555469 	43.5536102 	7.904301299999999 	15.321000099182129 	1509.9000244140625 	38.0276985168457 	4.655370235443115 	28.3264
2015-01-20T22:24:59.999Z 	42024.93402777691 	43.5555989 	7.9201595 	15.322999954223633 	1509.9000244140625 	38.02190017700195 	4.6549601554870605 	28.3229
2015-01-20T22:29:59.999Z 	42024.93749999913 	43.5576062 	7.9361956 	15.329000473022461 	1510.0 	38.023399353027344 	4.6557698249816895 	28.3218
2015-01-20T22:34:59.999Z 	42024.940972221346 	43.5591681 	7.9522542 	15.284000396728516 	1509.800048828125 	38.02090072631836 	4.650690078735352 	28.3289
2015-01-20T22:39:59.999Z 	42024.944444443565 	43.5606868 	7.9682135 	15.333000183105469 	1510.0 	38.0265998840332 	4.656489849090576 	28.3233
2015-01-20T22:44:59.999Z 	42024.947916665784 	43.5625463 	7.9841845 	15.312999725341797 	1509.9000244140625 	38.032901763916016 	4.655059814453125 	28.3343
2015-01-20T22:49:59.999Z 	42024.951388888 	43.5645642 	8.0001674 	15.253000259399414 	1509.699951171875 	38.026100158691406 	4.648039817810059 	28.3395
2015-01-20T22:54:59.999Z 	42024.95486111022 	43.5664382 	8.0159172 	15.239999771118164 	1509.699951171875 	38.04050064086914 	4.648139953613281 	28.3571
2015-01-20T22:59:59.999Z 	42024.95833333244 	43.5679691 	8.0319703 	15.258999824523926 	1509.800048828125 	38.0348014831543 	4.649569988250732 	28.3466
2015-01-20T23:04:59.999Z 	42024.96180555466 	43.5694112 	8.0483025 	15.222999572753906 	1509.5999755859375 	38.049198150634766 	4.647329807281494 	28.3685
2015-01-20T23:09:59.999Z 	42024.96527777688 	43.5707762 	8.0644611 	15.234000205993652 	1509.699951171875 	38.03839874267578 	4.647329807281494 	28.3548
2015-01-20T23:14:59.999Z 	42024.9687499991 	43.5722977 	8.080703 	15.234999656677246 	1509.5999755859375 	38.03799819946289 	4.647429943084717 	28.3569
2015-01-20T23:19:59.999Z 	42024.97222222132 	43.5740764 	8.0969965 	15.220999717712402 	1509.5999755859375 	38.04090118408203 	4.646210193634033 	28.3611
2015-01-20T23:24:59.999Z 	42024.975694443536 	43.5758959 	8.113204 	15.199000358581543 	1509.5 	38.04090118408203 	4.643869876861572 	28.3664
2015-01-20T23:29:59.999Z 	42024.979166665755 	43.5776739 	8.1292065 	15.184000015258789 	1509.5 	38.03969955444336 	4.642139911651611 	28.3693
2015-01-20T23:34:59.999Z 	42024.982638887974 	43.5795387 	8.1453216 	15.184000015258789 	1509.5 	38.042598724365234 	4.642439842224121 	28.37
2015-01-20T23:39:59.999Z 	42024.98611111019 	43.5811119 	8.1611989 	15.182999610900879 	1509.5 	38.049800872802734 	4.6431498527526855 	28.3783
2015-01-20T23:44:59.999Z 	42024.98958333241 	43.5826517 	8.1770539 	15.10099983215332 	1509.0999755859375 	38.05590057373047 	4.635109901428223 	28.4135
2015-01-20T23:49:59.999Z 	42024.99305555463 	43.584286 	8.1932471 	15.02400016784668 	1509.0 	38.05770111083984 	4.627170085906982 	28.4207
2015-01-20T23:54:59.999Z 	42024.99652777685 	43.5860395 	8.2094332 	15.031999588012695 	1509.0 	38.06560134887695 	4.628900051116943 	28.4234
2015-01-20T23:59:59.999Z 	42024.99999999907 	43.5875876 	8.2257633 					
