time 	latitude 	longitude 	water temperature 	water sound speed 	water salinity 	water conductivity 	anomaly of water mass density
2015-01-10T00:00:00.000Z 	42014.0 	43.1780712 	5.2098693 	15.385000228881836 	1511.4000244140625 	38.00120162963867 	4.706980228424072 	28.2008
2015-01-10T00:04:59.999Z 	42014.00347222222 	43.178068 	5.2098568 	15.38700008392334 	1511.4000244140625 	38.00189971923828 	4.706980228424072 	28.2009
2015-01-10T00:09:59.999Z 	42014.00694444444 	43.1780693 	5.2098499 	15.387999534606934 	1511.4000244140625 	38.0015983581543 	4.707389831542969 	28.2003
2015-01-10T00:14:59.999Z 	42014.01041666666 	43.1780767 	5.2098507 	15.385000228881836 	1511.4000244140625 	38.001800537109375 	4.706669807434082 	28.2012
2015-01-10T00:19:59.999Z 	42014.013888888876 	43.1780762 	5.2098654 	15.38599967956543 	1511.4000244140625 	38.00120162963867 	4.706470012664795 	28.2006
2015-01-10T00:24:59.999Z 	42014.017361111095 	43.1780652 	5.2098582 	15.381999969482422 	1511.4000244140625 	38.00189971923828 	4.706470012664795 	28.2019
2015-01-10T00:29:59.999Z 	42014.020833333314 	43.1780771 	5.2098681 	15.385000228881836 	1511.4000244140625 	38.0015983581543 	4.70688009262085 	28.2011
2015-01-10T00:34:59.999Z 	42014.02430555553 	43.1780734 	5.2098716 	15.383000373840332 	1511.4000244140625 	38.00239944458008 	4.706669807434082 	28.2022
2015-01-10T00:39:59.999Z 	42014.02777777775 	43.1780757 	5.2098609 	15.380999565124512 	1511.4000244140625 	38.002300262451165 	4.706369876861572 	28.2025
2015-01-10T00:44:59.999Z 	42014.03124999997 	43.177873 	5.20708 	15.402999877929688 	1511.4000244140625 	38.00149917602539 	4.707590103149414 	28.1969
2015-01-10T00:49:59.999Z 	42014.03472222219 	43.1778686 	5.195529 	15.418999671936035 	1511.5 	38.00199890136719 	4.7103400230407715 	28.1937
2015-01-10T00:54:59.999Z 	42014.03819444441 	43.1772913 	5.1790054 	15.383999824523926 	1511.4000244140625 	38.00619888305664 	4.707389831542969 	28.2049
2015-01-10T00:59:59.999Z 	42014.04166666663 	43.1767634 	5.1615891 	15.312999725341797 	1511.0999755859375 	38.003299713134766 	4.704229831695557 	28.2188
2015-01-10T01:04:59.999Z 	42014.04513888885 	43.1764053 	5.1434616 	15.234999656677246 	1510.800048828125 	37.955299377441406 	4.686520099639893 	28.1996
2015-01-10T01:09:59.999Z 	42014.048611111066 	43.1760178 	5.1241877 	15.265999794006348 	1511.0 	37.989498138427734 	4.6925201416015625 	28.2188
2015-01-10T01:14:59.999Z 	42014.052083333285 	43.175573 	5.1042969 	15.253000259399414 	1510.9000244140625 	37.99020004272461 	4.6925201416015625 	28.2223
2015-01-10T01:19:59.999Z 	42014.055555555504 	43.1753005 	5.0839951 	15.206999778747559 	1510.800048828125 	38.002899169921875 	4.68927001953125 	28.2426
2015-01-10T01:24:59.999Z 	42014.05902777772 	43.1750554 	5.063688 	15.187999725341797 	1510.800048828125 	38.00270080566406 	4.686110019683838 	28.2467
2015-01-10T01:29:59.999Z 	42014.06249999994 	43.174683 	5.0435258 	15.187999725341797 	1510.699951171875 	37.999298095703125 	4.687640190124512 	28.2442
2015-01-10T01:34:59.999Z 	42014.06597222216 	43.174303 	5.023603 	15.20300006866455 	1510.800048828125 	37.996299743652344 	4.6882500648498535 	28.2385
2015-01-10T01:39:59.999Z 	42014.06944444438 	43.1759191 	5.0039674 	14.956000328063965 	1509.800048828125 	37.83150100708008 	4.661369800567627 	28.1668
2015-01-10T01:44:59.999Z 	42014.0729166666 	43.1806993 	4.9854936 	14.75 	1508.4000244140625 	37.14820098876953 	4.554289817810059 	27.685
2015-01-10T01:49:59.999Z 	42014.07638888882 	43.1863021 	4.9672851 	14.267000198364258 	1505.5 	36.002498626708984 	4.387720108032227 	26.9053
2015-01-10T01:54:59.999Z 	42014.07986111104 	43.1915748 	4.9491926 	13.777000427246094 	1501.9000244140625 	34.30030059814453 	4.152699947357178 	25.6927
2015-01-10T01:59:59.999Z 	42014.083333333256 	43.1969466 	4.9312944 	13.576000213623047 	1499.199951171875 	32.51219940185547 	3.9314401149749756 	24.3516
2015-01-10T02:04:59.999Z 	42014.086805555475 	43.2023107 	4.9133855 	13.371000289916992 	1497.199951171875 	31.452999114990234 	3.803529977798462 	23.5739
2015-01-10T02:09:59.999Z 	42014.090277777694 	43.2077022 	4.8954414 	13.937999725341797 	1501.0999755859375 	33.14059829711914 	4.020050048828125 	24.7632
2015-01-10T02:14:59.999Z 	42014.09374999991 	43.2131353 	4.8772559 	14.265999794006348 	1504.0 	34.75320053100586 	4.232510089874268 	25.9402
2015-01-10T02:19:59.999Z 	42014.09722222213 	43.217993 	4.8583935 	14.711000442504883 	1507.800048828125 	36.724098205566406 	4.491399765014648 	27.3661
2015-01-10T02:24:59.999Z 	42014.10069444435 	43.2228752 	4.8393303 	15.071000099182129 	1510.199951171875 	37.80110168457031 	4.651289939880371 	28.1177
2015-01-10T02:29:59.999Z 	42014.10416666657 	43.2279997 	4.8201303 	15.081999778747559 	1510.199951171875 	37.852901458740234 	4.659440040588379 	28.1552
2015-01-10T02:34:59.999Z 	42014.10763888879 	43.2323284 	4.80061 	15.038999557495117 	1510.0999755859375 	37.85329818725586 	4.657810211181641 	28.1652
2015-01-10T02:39:59.999Z 	42014.11111111101 	43.2362727 	4.7809311 	15.017000198364258 	1510.0 	37.82559967041016 	4.651289939880371 	28.1487
2015-01-10T02:44:59.999Z 	42014.11458333323 	43.2404163 	4.7611793 	14.975000381469727 	1509.9000244140625 	37.80339813232422 	4.645080089569092 	28.141
2015-01-10T02:49:59.999Z 	42014.118055555446 	43.2430702 	4.7409363 	14.95300006866455 	1509.800048828125 	37.7776985168457 	4.640100002288818 	28.1261
2015-01-10T02:54:59.999Z 	42014.121527777665 	43.2454106 	4.7202726 	14.732999801635742 	1509.0 	37.719600677490234 	4.6180100440979 	28.1303
2015-01-10T02:59:59.999Z 	42014.12499999988 	43.2477886 	4.6997246 	14.482999801635742 	1508.0999755859375 	37.632598876953125 	4.584320068359375 	28.1183
2015-01-10T03:04:59.999Z 	42014.1284722221 	43.2500756 	4.6794121 	14.543000221252441 	1508.300048828125 	37.639301300048835 	4.578010082244873 	28.1102
2015-01-10T03:09:59.999Z 	42014.13194444432 	43.2517873 	4.6589544 	14.4399995803833 	1508.0999755859375 	37.74250030517578 	4.600599765777588 	28.2127
2015-01-10T03:14:59.999Z 	42014.13541666654 	43.253298 	4.6385586 	14.131999969482422 	1507.0 	37.629600524902344 	4.542079925537109 	28.1926
2015-01-10T03:19:59.999Z 	42014.13888888876 	43.2551042 	4.6182762 	13.84000015258789 	1506.0 	37.55179977416992 	4.515629768371582 	28.1953
2015-01-10T03:24:59.999Z 	42014.14236111098 	43.2570666 	4.5978536 	13.739999771118164 	1505.5999755859375 	37.49039840698242 	4.486020088195801 	28.1691
2015-01-10T03:29:59.999Z 	42014.1458333332 	43.2588016 	4.5776373 	13.451000213623047 	1504.5 	37.35699844360351 	4.438600063323975 	28.1268
2015-01-10T03:34:59.999Z 	42014.14930555542 	43.2607809 	4.5577329 	13.456999778747559 	1504.4000244140625 	37.29090118408203 	4.434430122375488 	28.0742
2015-01-10T03:39:59.999Z 	42014.152777777635 	43.2627883 	4.5378076 	13.208999633789062 	1503.4000244140625 	37.13010025024414 	4.391910076141357 	28.0013
2015-01-10T03:44:59.999Z 	42014.156249999854 	43.2645312 	4.5181315 	13.03600025177002 	1502.5999755859375 	36.90359878540039 	4.351930141448975 	27.8613
2015-01-10T03:49:59.999Z 	42014.15972222207 	43.266372 	4.4991389 	12.779999732971191 	1501.199951171875 	36.4463996887207 	4.282559871673584 	27.5587
2015-01-10T03:54:59.999Z 	42014.16319444429 	43.2679653 	4.4835116 	12.48799991607666 	1499.199951171875 	35.63570022583008 	4.165420055389404 	26.9879
2015-01-10T03:59:59.999Z 	42014.16666666651 	43.2701992 	4.4745712 	12.496999740600586 	1499.5 	35.82389831542969 	4.182400226593018 	27.1321
2015-01-10T04:04:59.999Z 	42014.17013888873 	43.2700752 	4.4749804 	12.644000053405762 	1500.300048828125 	36.091400146484375 	4.223380088806152 	27.3107
2015-01-10T04:09:59.999Z 	42014.17361111095 	43.2700421 	4.4748932 	12.668999671936035 	1500.300048828125 	35.98640060424805 	4.207009792327881 	27.2242
2015-01-10T04:14:59.999Z 	42014.17708333317 	43.2700369 	4.4748787 	12.711000442504883 	1500.9000244140625 	36.38819885253906 	4.261109828948975 	27.5275
2015-01-10T04:19:59.999Z 	42014.18055555539 	43.2700504 	4.4748881 	12.607999801635742 	1500.300048828125 	36.17789840698242 	4.234769821166992 	27.385
2015-01-10T04:24:59.999Z 	42014.18402777761 	43.2700527 	4.4748867 	12.619000434875488 	1500.300048828125 	36.160499572753906 	4.232019901275635 	27.3693
2015-01-10T04:29:59.999Z 	42014.187499999825 	43.2700468 	4.4748911 	12.618000030517578 	1500.199951171875 	36.064998626708984 	4.219620227813721 	27.2952
2015-01-10T04:34:59.999Z 	42014.190972222044 	43.2700498 	4.4748894 	12.62600040435791 	1500.199951171875 	36.04290008544922 	4.217380046844482 	27.2765
2015-01-10T04:39:59.999Z 	42014.19444444426 	43.270055 	4.4748853 	12.645999908447266 	1500.300048828125 	36.06570053100586 	4.221039772033691 	27.2903
2015-01-10T04:44:59.999Z 	42014.19791666648 	43.2700526 	4.4748975 	12.666000366210938 	1500.4000244140625 	36.08020019531249 	4.225110054016113 	27.2974
2015-01-10T04:49:59.999Z 	42014.2013888887 	43.2700496 	4.4748927 	12.6899995803833 	1500.5 	36.11560058593751 	4.230800151824951 	27.3201
2015-01-10T04:54:59.999Z 	42014.20486111092 	43.2700526 	4.4748966 	12.72599983215332 	1500.5999755859375 	36.1416015625 	4.2370100021362305 	27.3331
2015-01-10T04:59:59.999Z 	42014.20833333314 	43.2701261 	4.4746441 	12.762999534606934 	1500.800048828125 	36.18960189819336 	4.244729995727539 	27.3629
2015-01-10T05:04:59.999Z 	42014.21180555536 	43.2702741 	4.474117 	12.826000213623047 	1501.0999755859375 	36.27730178833008 	4.260190010070801 	27.4184
2015-01-10T05:09:59.999Z 	42014.21527777758 	43.2704575 	4.473443 	12.937000274658203 	1501.5999755859375 	36.39730072021484 	4.280119895935059 	27.4889
2015-01-10T05:14:59.999Z 	42014.218749999796 	43.2706044 	4.4728845 	12.99899959564209 	1502.199951171875 	36.67919921875 	4.320700168609619 	27.6948
2015-01-10T05:19:59.999Z 	42014.222222222015 	43.2753403 	4.479083 	12.687000274658203 	1500.300048828125 	35.94599914550781 	4.223790168762207 	27.1891
2015-01-10T05:24:59.999Z 	42014.225694444234 	43.2822165 	4.4895823 	12.531000137329102 	1499.0999755859375 	35.40420150756836 	4.139190196990967 	26.7997
2015-01-10T05:29:59.999Z 	42014.22916666645 	43.2903088 	4.5006825 	12.746999740600586 	1500.5999755859375 	36.08639907836914 	4.2310099601745605 	27.2861
2015-01-10T05:34:59.999Z 	42014.23263888867 	43.2996813 	4.5121279 	12.96500015258789 	1502.0 	36.63949966430664 	4.311140060424805 	27.6711
2015-01-10T05:39:59.999Z 	42014.23611111089 	43.3097336 	4.5231506 	13.133999824523926 	1502.800048828125 	36.82709884643555 	4.3448100090026855 	27.7818
2015-01-10T05:44:59.999Z 	42014.23958333311 	43.3200034 	4.5341639 	13.262999534606934 	1503.5999755859375 	37.14569854736328 	4.3963799476623535 	28.0022
2015-01-10T05:49:59.999Z 	42014.24305555533 	43.3300882 	4.5451299 	13.220000267028809 	1503.5 	37.17129898071289 	4.39139986038208 	28.0311
2015-01-10T05:54:59.999Z 	42014.24652777755 	43.3373701 	4.5529789 	13.027999877929688 	1503.0999755859375 	37.34260177612305 	4.400050163269043 	28.2034
2015-01-10T05:59:59.999Z 	42014.24999999977 	43.3416516 	4.5574949 	13.062999725341797 	1503.0999755859375 	37.30350112915039 	4.394050121307373 	28.1659
2015-01-10T06:04:59.999Z 	42014.253472221986 	43.3429572 	4.5574472 	13.069000244140625 	1503.199951171875 	37.32989883422851 	4.396389961242676 	28.1853
2015-01-10T06:09:59.999Z 	42014.256944444205 	43.3429011 	4.5572115 	13.072999954223633 	1503.199951171875 	37.32820129394531 	4.393439769744873 	28.1831
2015-01-10T06:14:59.999Z 	42014.260416666424 	43.3431629 	4.5565404 	13.107000350952148 	1503.300048828125 	37.31769943237305 	4.3944501876831055 	28.1679
2015-01-10T06:19:59.999Z 	42014.26388888864 	43.3429951 	4.5494963 	13.26099967956543 	1503.800048828125 	37.30630111694336 	4.405849933624268 	28.1272
2015-01-10T06:24:59.999Z 	42014.26736111086 	43.3438505 	4.535893 	13.161999702453613 	1503.300048828125 	37.14120101928711 	4.386919975280762 	28.0196
2015-01-10T06:29:59.999Z 	42014.27083333308 	43.3453809 	4.519085 	12.956000328063965 	1502.0999755859375 	36.706401824951165 	4.317959785461426 	27.7247
2015-01-10T06:34:59.999Z 	42014.2743055553 	43.3472716 	4.5012655 	12.932000160217285 	1501.699951171875 	36.50579833984375 	4.288869857788086 	27.5741
2015-01-10T06:39:59.999Z 	42014.27777777752 	43.3493891 	4.4817656 	12.64900016784668 	1501.4000244140625 	36.99570083618164 	4.348169803619385 	28.0116
2015-01-10T06:44:59.999Z 	42014.28124999974 	43.3512893 	4.4623746 	12.319999694824219 	1499.0 	35.945499420166016 	4.1852498054504395 	27.2616
2015-01-10T06:49:59.999Z 	42014.28472222196 	43.3530352 	4.4430642 	12.366000175476074 	1498.699951171875 	35.578399658203125 	4.137670040130615 	26.9673
2015-01-10T06:54:59.999Z 	42014.288194444176 	43.3546924 	4.4231376 	13.14900016784668 	1502.699951171875 	36.71039962768555 	4.295790195465088 	27.6882
2015-01-10T06:59:59.999Z 	42014.291666666395 	43.3567126 	4.4030841 	13.52299976348877 	1505.0 	37.6525993347168 	4.485410213470459 	28.3406
2015-01-10T07:04:59.999Z 	42014.295138888614 	43.358586 	4.3828143 	13.477999687194824 	1504.800048828125 	37.602901458740234 	4.465670108795166 	28.3116
2015-01-10T07:09:59.999Z 	42014.29861111083 	43.3605813 	4.3624711 	13.640999794006348 	1505.4000244140625 	37.62300109863281 	4.483580112457275 	28.2928
2015-01-10T07:14:59.999Z 	42014.30208333305 	43.3619688 	4.3418288 	12.913999557495117 	1502.800048828125 	37.44919967651367 	4.398829936981201 	28.3096
2015-01-10T07:19:59.999Z 	42014.30555555527 	43.3630677 	4.3212754 	13.699999809265137 	1505.4000244140625 	37.4911003112793 	4.433619976043701 	28.178
2015-01-10T07:24:59.999Z 	42014.30902777749 	43.3649283 	4.3008524 	13.59000015258789 	1505.199951171875 	37.618900299072266 	4.486420154571533 	28.3004
2015-01-10T07:29:59.999Z 	42014.31249999971 	43.3669266 	4.280447 	12.987000465393066 	1503.0999755859375 	37.45370101928711 	4.408289909362793 	28.2982
2015-01-10T07:34:59.999Z 	42014.31597222193 	43.3690156 	4.2598426 	12.722000122070312 	1502.0 	37.34619903564453 	4.360380172729492 	28.2688
2015-01-10T07:39:59.999Z 	42014.31944444415 	43.3711914 	4.2391188 	13.664999961853027 	1505.5 	37.641498565673835 	4.484079837799072 	28.3021
2015-01-10T07:44:59.999Z 	42014.322916666366 	43.3730444 	4.2185422 	13.85200023651123 	1506.0999755859375 	37.650901794433594 	4.500060081481934 	28.2695
2015-01-10T07:49:59.999Z 	42014.326388888585 	43.3744292 	4.1973553 	13.817000389099121 	1506.0 	37.662498474121094 	4.502600193023682 	28.286
2015-01-10T07:54:59.999Z 	42014.329861110804 	43.3759279 	4.1765689 	14.090999603271484 	1507.0 	37.73099899291992 	4.527740001678467 	28.28
2015-01-10T07:59:59.999Z 	42014.33333333302 	43.3779436 	4.1559293 	14.109000205993652 	1507.0999755859375 	37.767601013183594 	4.546770095825195 	28.3043
2015-01-10T08:04:59.999Z 	42014.33680555524 	43.3799838 	4.1349941 	14.128999710083008 	1507.0999755859375 	37.760799407958984 	4.544730186462402 	28.2948
2015-01-10T08:09:59.999Z 	42014.34027777746 	43.3819579 	4.1140532 	14.039999961853027 	1506.800048828125 	37.750301361083984 	4.539949893951416 	28.3059
2015-01-10T08:14:59.999Z 	42014.34374999968 	43.3837437 	4.0932175 	13.982000350952148 	1506.5999755859375 	37.73690032958984 	4.528140068054199 	28.308
2015-01-10T08:19:59.999Z 	42014.3472222219 	43.3855929 	4.072814 	14.029999732971191 	1506.800048828125 	37.77289962768555 	4.537399768829346 	28.3255
2015-01-10T08:24:59.999Z 	42014.35069444412 	43.3874026 	4.0524318 	14.081999778747559 	1507.0 	37.80419921875 	4.546969890594482 	28.3386
2015-01-10T08:29:59.999Z 	42014.35416666634 	43.3892913 	4.03183 	14.079000473022461 	1507.0 	37.79050064086914 	4.543310165405273 	28.3287
2015-01-10T08:34:59.999Z 	42014.357638888556 	43.3912837 	4.0112806 	13.809000015258789 	1506.0999755859375 	37.73970031738281 	4.513899803161621 	28.3473
2015-01-10T08:39:59.999Z 	42014.361111110775 	43.3946301 	3.9912738000000005 	13.812999725341797 	1506.0999755859375 	37.7401008605957 	4.505959987640381 	28.3469
2015-01-10T08:44:59.999Z 	42014.364583332994 	43.400411 	3.972098 	14.050000190734863 	1507.0 	37.86149978637695 	4.551350116729736 	28.3898
2015-01-10T08:49:59.999Z 	42014.36805555521 	43.4065821 	3.9530238 	13.989999771118164 	1506.800048828125 	37.82630157470703 	4.538730144500732 	28.3757
2015-01-10T08:54:59.999Z 	42014.37152777743 	43.4125124 	3.9338454 	14.12399959564209 	1507.199951171875 	37.858501434326165 	4.551249980926514 	28.3715
2015-01-10T08:59:59.999Z 	42014.37499999965 	43.4181841 	3.9145715 	13.873000144958496 	1506.4000244140625 	37.8307991027832 	4.522649765014648 	28.4043
2015-01-10T09:04:59.999Z 	42014.37847222187 	43.4240226 	3.8959614 	13.560999870300293 	1505.300048828125 	37.7776985168457 	4.491720199584961 	28.4296
2015-01-10T09:09:59.999Z 	42014.38194444409 	43.4295943 	3.8791946 	13.338000297546387 	1504.5999755859375 	37.75510025024414 	4.470250129699707 	28.459
2015-01-10T09:14:59.999Z 	42014.38541666631 	43.432995 	3.8667071999999996 	12.890999794006348 	1503.0 	37.651798248291016 	4.415410041809082 	28.4715
2015-01-10T09:19:59.999Z 	42014.38888888853 	43.435055 	3.8609997 	12.70300006866455 	1502.300048828125 	37.581298828125 	4.383669853210449 	28.4553
2015-01-10T09:24:59.999Z 	42014.392361110746 	43.4352793 	3.8597847 	12.663000106811523 	1502.0999755859375 	37.560001373291016 	4.378590106964111 	28.4467
2015-01-10T09:29:59.999Z 	42014.395833332965 	43.4353231 	3.8596398999999995 	12.67199993133545 	1502.0999755859375 	37.56809997558594 	4.377669811248779 	28.4514
2015-01-10T09:34:59.999Z 	42014.399305555184 	43.4353102 	3.8596338 	12.670999526977539 	1502.0999755859375 	37.55289840698242 	4.375939846038818 	28.4396
2015-01-10T09:39:59.999Z 	42014.4027777774 	43.435304 	3.8596338 	12.678000450134277 	1502.199951171875 	37.57109832763672 	4.378789901733398 	28.4524
2015-01-10T09:44:59.999Z 	42014.40624999962 	43.4352563 	3.8596497 	12.675999641418457 	1502.199951171875 	37.56819915771484 	4.379300117492676 	28.4505
2015-01-10T09:49:59.999Z 	42014.40972222184 	43.4319899 	3.8588905 	12.692999839782715 	1502.199951171875 	37.57270050048828 	4.379909992218018 	28.4506
2015-01-10T09:54:59.999Z 	42014.41319444406 	43.4204384 	3.858673 	12.878999710083008 	1502.9000244140625 	37.614498138427734 	4.399539947509766 	28.4451
2015-01-10T09:59:59.999Z 	42014.41666666628 	43.4057324 	3.8581126 	13.656999588012695 	1505.5999755859375 	37.77360153198242 	4.486730098724365 	28.406
2015-01-10T10:04:59.999Z 	42014.4201388885 	43.3913237 	3.8514983 	14.13700008392334 	1507.300048828125 	37.90679931640625 	4.560810089111328 	28.406
2015-01-10T10:09:59.999Z 	42014.42361111072 	43.3804697 	3.8361563000000003 	14.27400016784668 	1507.800048828125 	37.92839813232422 	4.579539775848389 	28.3929
2015-01-10T10:14:59.999Z 	42014.427083332936 	43.3702732 	3.8201894000000003 	14.305999755859375 	1507.9000244140625 	37.93830108642578 	4.58411979675293 	28.3935
2015-01-10T10:19:59.999Z 	42014.430555555155 	43.3601056 	3.8041088 	13.187000274658203 	1504.0999755859375 	37.78179931640625 	4.4774699211120605 	28.5113
2015-01-10T10:24:59.999Z 	42014.43402777737 	43.3496089 	3.7885571000000002 	13.489999771118164 	1505.0999755859375 	37.76559829711914 	4.475029945373535 	28.4352
2015-01-10T10:29:59.999Z 	42014.43749999959 	43.3392538 	3.7727316999999996 	13.800999641418457 	1506.199951171875 	37.83549880981445 	4.516849994659424 	28.4233
2015-01-10T10:34:59.999Z 	42014.44097222181 	43.3291885 	3.7560363 	13.781999588012695 	1506.0999755859375 	37.856201171875 	4.524179935455322 	28.4434
2015-01-10T10:39:59.999Z 	42014.44444444403 	43.3188729 	3.7396901000000002 	13.710000038146973 	1505.9000244140625 	37.836299896240234 	4.510849952697754 	28.4435
2015-01-10T10:44:59.999Z 	42014.44791666625 	43.3084551 	3.7239828999999998 	13.911999702453613 	1506.5999755859375 	37.86989974975586 	4.535470008850098 	28.4262
2015-01-10T10:49:59.999Z 	42014.45138888847 	43.2978508 	3.7081107 	13.385000228881836 	1504.5999755859375 	37.69430160522461 	4.420300006866455 	28.4019
2015-01-10T10:54:59.999Z 	42014.45486111069 	43.2872106 	3.6926656 	13.95199966430664 	1506.699951171875 	37.895301818847656 	4.54148006439209 	28.4372
2015-01-10T10:59:59.999Z 	42014.45833333291 	43.2769393 	3.6768820999999994 	13.892999649047852 	1506.5 	37.88909912109375 	4.5346598625183105 	28.4451
2015-01-10T11:04:59.999Z 	42014.461805555125 	43.2667397 	3.6611649000000006 	14.092000007629395 	1507.199951171875 	37.91239929199219 	4.555620193481445 	28.4202
2015-01-10T11:09:59.999Z 	42014.465277777344 	43.2564963 	3.6453815 	14.357999801635742 	1508.0999755859375 	37.938499450683594 	4.585750102996826 	28.3823
2015-01-10T11:14:59.999Z 	42014.46874999956 	43.2464428 	3.6293532 	14.409000396728516 	1508.199951171875 	37.94490051269531 	4.596529960632324 	28.376
2015-01-10T11:19:59.999Z 	42014.47222222178 	43.2363622 	3.6127704 	14.416000366210938 	1508.300048828125 	37.94490051269531 	4.59552001953125 	28.3745
2015-01-10T11:24:59.999Z 	42014.475694444 	43.2263472 	3.5958455000000002 	14.425000190734863 	1508.300048828125 	37.94710159301758 	4.597650051116943 	28.3743
2015-01-10T11:29:59.999Z 	42014.47916666622 	43.2161038 	3.5787324 	13.581000328063965 	1505.5999755859375 	37.92359924316406 	4.55256986618042 	28.5383
2015-01-10T11:34:59.999Z 	42014.48263888844 	43.2053976 	3.561926 	13.95300006866455 	1506.699951171875 	37.891700744628906 	4.538020133972168 	28.4341
2015-01-10T11:39:59.999Z 	42014.48611111066 	43.1947103 	3.5450666 	14.013999938964844 	1506.9000244140625 	37.90639877319336 	4.551760196685791 	28.4323
2015-01-10T11:44:59.999Z 	42014.48958333288 	43.1838917 	3.5284105 	12.164999961853027 	1500.199951171875 	37.36280059814453 	4.326610088348389 	28.3933
2015-01-10T11:49:59.999Z 	42014.493055555096 	43.1731343 	3.5114732 	12.182000160217285 	1500.0 	37.187599182128906 	4.26692008972168 	28.2538
2015-01-10T11:54:59.999Z 	42014.496527777315 	43.1622706 	3.4945351 	13.204000473022461 	1504.0 	37.67010116577149 	4.447360038757324 	28.4212
2015-01-10T11:59:59.999Z 	42014.499999999534 	43.1511156 	3.4783638 	13.020999908447266 	1503.300048828125 	37.60449981689453 	4.422939777374268 	28.4082
2015-01-10T12:04:59.999Z 	42014.50347222175 	43.1401144 	3.4624034 	13.947999954223633 	1506.699951171875 	37.87519836425781 	4.540359973907471 	28.4225
2015-01-10T12:09:59.999Z 	42014.50694444397 	43.128904 	3.446378 	13.543999671936035 	1505.300048828125 	37.81949996948242 	4.507589817047119 	28.4656
2015-01-10T12:14:59.999Z 	42014.51041666619 	43.1176989 	3.4306713 	12.717000007629395 	1502.199951171875 	37.49739837646484 	4.365260124206543 	28.3872
2015-01-10T12:19:59.999Z 	42014.51388888841 	43.1069367 	3.4148626 	12.968999862670898 	1503.0999755859375 	37.58440017700195 	4.401979923248291 	28.4033
2015-01-10T12:24:59.999Z 	42014.51736111063 	43.0963915 	3.3992227 	14.052000045776367 	1507.0999755859375 	37.92539978027344 	4.562439918518066 	28.4389
2015-01-10T12:29:59.999Z 	42014.52083333285 	43.0857081 	3.383874 	13.149999618530273 	1504.0 	37.8025016784668 	4.4892802238464355 	28.535
2015-01-10T12:34:59.999Z 	42014.52430555507 	43.07516 	3.3689311 	13.657999992370605 	1505.5999755859375 	37.71839904785156 	4.463230133056641 	28.3632
2015-01-10T12:39:59.999Z 	42014.527777777286 	43.0646416 	3.3538173 	13.67199993133545 	1505.699951171875 	37.83480072021484 	4.507900238037109 	28.4503
2015-01-10T12:44:59.999Z 	42014.531249999505 	43.0540114 	3.33825 	13.420999526977539 	1504.9000244140625 	37.82279968261719 	4.498330116271973 	28.4941
2015-01-10T12:49:59.999Z 	42014.534722221724 	43.0431517 	3.3225716 	13.95199966430664 	1506.699951171875 	37.87179946899414 	4.528550148010254 	28.419
2015-01-10T12:54:59.999Z 	42014.53819444394 	43.0325848 	3.3068776 	14.220999717712402 	1507.5999755859375 	37.93040084838867 	4.568550109863281 	28.406
2015-01-10T12:59:59.999Z 	42014.54166666616 	43.0221207 	3.2905796 	14.255000114440918 	1507.800048828125 	37.951801300048835 	4.580659866333008 	28.4151
2015-01-10T13:04:59.999Z 	42014.54513888838 	43.0115655 	3.2743097 	14.263999938964844 	1507.800048828125 	37.95240020751953 	4.582489967346191 	28.4137
2015-01-10T13:09:59.999Z 	42014.5486111106 	43.0010522 	3.2582045 	14.204000473022461 	1507.5999755859375 	37.941200256347656 	4.575570106506348 	28.4181
2015-01-10T13:14:59.999Z 	42014.55208333282 	42.9905469 	3.2421039 	14.161999702453613 	1507.4000244140625 	37.93870162963867 	4.570680141448975 	28.4254
2015-01-10T13:19:59.999Z 	42014.55555555504 	42.9800513 	3.2254496 	14.145999908447266 	1507.4000244140625 	37.94060134887695 	4.5690598487854 	28.4302
2015-01-10T13:24:59.999Z 	42014.55902777726 	42.9695093 	3.2089421 	14.128999710083008 	1507.300048828125 	37.931400299072266 	4.566309928894043 	28.4269
2015-01-10T13:29:59.999Z 	42014.562499999476 	42.9585895 	3.1930659 	14.121999740600586 	1507.300048828125 	37.935199737548835 	4.566720008850098 	28.4313
2015-01-10T13:34:59.999Z 	42014.565972221695 	42.9479134 	3.1776319 	14.100000381469727 	1507.199951171875 	37.93899917602539 	4.5652899742126465 	28.439
2015-01-10T13:39:59.999Z 	42014.569444443914 	42.9381733 	3.1635672 	14.039999961853027 	1507.0 	37.9370002746582 	4.559800148010254 	28.4505
2015-01-10T13:44:59.999Z 	42014.57291666613 	42.9297029 	3.1503693 	13.911999702453613 	1506.5999755859375 	37.93050003051758 	4.550230026245117 	28.473
2015-01-10T13:49:59.999Z 	42014.57638888835 	42.9219092 	3.1367909 	13.043000221252441 	1503.699951171875 	37.82550048828125 	4.467599868774414 	28.575
2015-01-10T13:54:59.999Z 	42014.57986111057 	42.9145181 	3.1283521 	12.942000389099121 	1503.300048828125 	37.75320053100586 	4.427420139312744 	28.5399
2015-01-10T13:59:59.999Z 	42014.58333333279 	42.9145111 	3.126143 	12.920999526977539 	1503.199951171875 	37.74480056762695 	4.422639846801758 	28.5377
2015-01-10T14:04:59.999Z 	42014.58680555501 	42.9144911 	3.1261273 	12.923999786376953 	1503.199951171875 	37.74580001831055 	4.423550128936768 	28.5377
2015-01-10T14:09:59.999Z 	42014.59027777723 	42.9144874 	3.1261298 	12.918000221252441 	1503.199951171875 	37.74649810791016 	4.4227399826049805 	28.5395
2015-01-10T14:14:59.999Z 	42014.59374999945 	42.9144868 	3.1261279 	12.907999992370605 	1503.0999755859375 	37.746299743652344 	4.422130107879639 	28.5415
2015-01-10T14:19:59.999Z 	42014.597222221666 	42.9144986 	3.1261392 	12.904999732971191 	1503.0999755859375 	37.74430084228516 	4.421619892120361 	28.5404
2015-01-10T14:24:59.999Z 	42014.600694443885 	42.9144883 	3.1261231 	12.901000022888184 	1503.0999755859375 	37.744598388671875 	4.421209812164307 	28.5416
2015-01-10T14:29:59.999Z 	42014.604166666104 	42.9137106 	3.1273128 	12.932999610900879 	1503.199951171875 	37.76750183105469 	4.428030014038086 	28.5527
2015-01-10T14:34:59.999Z 	42014.60763888832 	42.9096008 	3.1295442 	12.902999877929688 	1503.0999755859375 	37.74060058593751 	4.421309947967529 	28.538
2015-01-10T14:39:59.999Z 	42014.61111111054 	42.9030542 	3.144659 	13.041000366210938 	1503.5999755859375 	37.76789855957031 	4.434030055999756 	28.5308
2015-01-10T14:44:59.999Z 	42014.61458333276 	42.8955356 	3.1625532 	13.467000007629395 	1505.0 	37.80739974975586 	4.455399990081787 	28.4724
2015-01-10T14:49:59.999Z 	42014.61805555498 	42.8881197 	3.17853 	13.821000099182129 	1506.300048828125 	37.91080093383789 	4.5324201583862305 	28.4774
2015-01-10T14:54:59.999Z 	42014.6215277772 	42.8867998 	3.1857903 	13.859000205993652 	1506.4000244140625 	37.91519927978516 	4.536190032958984 	28.4727
2015-01-10T14:59:59.999Z 	42014.62499999942 	42.8866589 	3.1842097 	13.847999572753906 	1506.4000244140625 	37.91699981689453 	4.537409782409668 	28.4762
2015-01-10T15:04:59.999Z 	42014.62847222164 	42.8867086 	3.1840878 	13.857000350952148 	1506.4000244140625 	37.916400909423835 	4.537199974060059 	28.4739
2015-01-10T15:09:59.999Z 	42014.631944443856 	42.8867 	3.184088 	13.840999603271484 	1506.4000244140625 	37.9109001159668 	4.533229827880859 	28.4731
2015-01-10T15:14:59.999Z 	42014.635416666075 	42.8867026 	3.1840832 	13.85099983215332 	1506.4000244140625 	37.91709899902344 	4.537199974060059 	28.4758
2015-01-10T15:19:59.999Z 	42014.638888888294 	42.8867 	3.1840803 	13.847999572753906 	1506.4000244140625 	37.91450119018555 	4.536190032958984 	28.4744
2015-01-10T15:24:59.999Z 	42014.64236111051 	42.8867069 	3.1840909 	13.84000015258789 	1506.4000244140625 	37.91709899902344 	4.537199974060059 	28.4781
2015-01-10T15:29:59.999Z 	42014.64583333273 	42.8867029 	3.184089 	13.847999572753906 	1506.4000244140625 	37.91469955444336 	4.536290168762207 	28.4747
2015-01-10T15:34:59.999Z 	42014.64930555495 	42.8866949 	3.1840759 	13.868000030517578 	1506.5 	37.918598175048835 	4.538829803466797 	28.4734
2015-01-10T15:39:59.999Z 	42014.65277777717 	42.8866938 	3.1840825 	13.859000205993652 	1506.4000244140625 	37.91790008544922 	4.538020133972168 	28.4747
2015-01-10T15:44:59.999Z 	42014.65624999939 	42.8866925 	3.1840802 	13.854000091552734 	1506.4000244140625 	37.91600036621094 	4.536489963531494 	28.4742
2015-01-10T15:49:59.999Z 	42014.65972222161 	42.8866987 	3.1840788 	13.836999893188477 	1506.4000244140625 	37.91569900512695 	4.533229827880859 	28.4776
2015-01-10T15:54:59.999Z 	42014.66319444383 	42.8867009 	3.1840695 	13.833999633789062 	1506.4000244140625 	37.91519927978516 	4.534860134124756 	28.4779
2015-01-10T15:59:59.999Z 	42014.666666666046 	42.8866967 	3.1840751 	13.845000267028809 	1506.4000244140625 	37.91559982299805 	4.535580158233643 	28.4759
2015-01-10T16:04:59.999Z 	42014.670138888265 	42.8866876 	3.1840719 	13.833000183105469 	1506.4000244140625 	37.91510009765625 	4.534049987792969 	28.4781
2015-01-10T16:09:59.999Z 	42014.673611110484 	42.8866921 	3.1840707 	13.845999717712402 	1506.4000244140625 	37.91559982299805 	4.534759998321533 	28.4757
2015-01-10T16:14:59.999Z 	42014.6770833327 	42.8866993 	3.1840831 	13.857000350952148 	1506.4000244140625 	37.91899871826172 	4.537409782409668 	28.4761
2015-01-10T16:19:59.999Z 	42014.68055555492 	42.886766 	3.184813 	13.845000267028809 	1506.4000244140625 	37.91659927368164 	4.535170078277588 	28.4768
2015-01-10T16:24:59.999Z 	42014.68402777714 	42.8860622 	3.1892668 	13.869999885559082 	1506.5 	37.920501708984375 	4.537710189819336 	28.4743
2015-01-10T16:29:59.999Z 	42014.68749999936 	42.8786731 	3.2000011 	13.854000091552734 	1506.4000244140625 	37.91960144042969 	4.536290168762207 	28.4771
2015-01-10T16:34:59.999Z 	42014.69097222158 	42.8706967 	3.2161209 	13.847999572753906 	1506.4000244140625 	37.921199798583984 	4.536900043487549 	28.4795
2015-01-10T16:39:59.999Z 	42014.6944444438 	42.8683404 	3.2222624 	13.8149995803833 	1506.300048828125 	37.91740036010742 	4.532010078430176 	28.4837
2015-01-10T16:44:59.999Z 	42014.69791666602 	42.8685911 	3.2218545 	13.807999610900879 	1506.300048828125 	37.91730117797851 	4.531710147857666 	28.485
2015-01-10T16:49:59.999Z 	42014.701388888236 	42.8685886 	3.221842 	13.810999870300293 	1506.300048828125 	37.916900634765625 	4.530789852142334 	28.4843
2015-01-10T16:54:59.999Z 	42014.704861110455 	42.8685836 	3.2218497 	13.809000015258789 	1506.300048828125 	37.916400909423835 	4.530590057373047 	28.4843
2015-01-10T16:59:59.999Z 	42014.708333332674 	42.8685817 	3.2218467 	13.817999839782715 	1506.300048828125 	37.916500091552734 	4.530889987945557 	28.4823
2015-01-10T17:04:59.999Z 	42014.71180555489 	42.8685733 	3.2218342 	13.817000389099121 	1506.300048828125 	37.917701721191406 	4.531610012054443 	28.4834
2015-01-10T17:09:59.999Z 	42014.71527777711 	42.8686679 	3.2220946 	13.803999900817871 	1506.300048828125 	37.91630172729492 	4.530280113220215 	28.4852
2015-01-10T17:14:59.999Z 	42014.71874999933 	42.8657719 	3.2293505 	13.758000373840332 	1506.0999755859375 	37.914798736572266 	4.527329921722412 	28.494
2015-01-10T17:19:59.999Z 	42014.72222222155 	42.8588813 	3.2438077 	13.689000129699707 	1505.9000244140625 	37.908199310302734 	4.5189900398254395 	28.5034
2015-01-10T17:24:59.999Z 	42014.72569444377 	42.8519022 	3.2576015 	13.793000221252441 	1506.199951171875 	37.90489959716797 	4.525400161743164 	28.4787
2015-01-10T17:29:59.999Z 	42014.72916666599 	42.848563 	3.2604853 	13.8149995803833 	1506.300048828125 	37.90660095214844 	4.533440113067627 	28.4754
2015-01-10T17:34:59.999Z 	42014.73263888821 	42.8500245 	3.2606989 	13.805999755859375 	1506.300048828125 	37.90689849853516 	4.533539772033691 	28.4776
2015-01-10T17:39:59.999Z 	42014.736111110426 	42.850688 	3.2607034 	13.807000160217285 	1506.300048828125 	37.90719985961914 	4.533130168914795 	28.4776
2015-01-10T17:44:59.999Z 	42014.739583332645 	42.8505613 	3.2602227 	13.803999900817871 	1506.300048828125 	37.90760040283203 	4.533030033111572 	28.4786
2015-01-10T17:49:59.999Z 	42014.74305555486 	42.8505919 	3.2598753 	13.803000450134277 	1506.300048828125 	37.90719985961914 	4.532619953155518 	28.4784
2015-01-10T17:54:59.999Z 	42014.74652777708 	42.8506119 	3.2598107 	13.800999641418457 	1506.199951171875 	37.90599822998047 	4.5324201583862305 	28.4778
2015-01-10T17:59:59.999Z 	42014.7499999993 	42.8505959 	3.2598051 	13.805000305175781 	1506.300048828125 	37.90719985961914 	4.532619953155518 	28.478
2015-01-10T18:04:59.999Z 	42014.75347222152 	42.8506066 	3.2598178 	13.805000305175781 	1506.300048828125 	37.90610122680664 	4.5327301025390625 	28.4772
2015-01-10T18:09:59.999Z 	42014.75694444374 	42.8506126 	3.2598141 	13.795999526977539 	1506.199951171875 	37.90660095214844 	4.532120227813721 	28.4793
2015-01-10T18:14:59.999Z 	42014.76041666596 	42.8496165 	3.2595444 	13.788999557495117 	1506.199951171875 	37.902801513671875 	4.531710147857666 	28.4779
2015-01-10T18:19:59.999Z 	42014.76388888818 	42.845997 	3.265699 	13.814000129699707 	1506.300048828125 	37.902198791503906 	4.532830238342285 	28.4722
2015-01-10T18:24:59.999Z 	42014.7673611104 	42.840736 	3.2817009 	13.831000328063965 	1506.300048828125 	37.89670181274414 	4.5346598625183105 	28.4643
2015-01-10T18:29:59.999Z 	42014.770833332615 	42.8334237 	3.2968999 	13.798999786376953 	1506.199951171875 	37.89289855957031 	4.531099796295166 	28.4681
2015-01-10T18:34:59.999Z 	42014.774305554834 	42.8320843 	3.3027348 	13.821000099182129 	1506.300048828125 	37.89400100708008 	4.532320022583008 	28.4643
2015-01-10T18:39:59.999Z 	42014.77777777705 	42.8291932 	3.3048228 	13.821000099182129 	1506.300048828125 	37.895301818847656 	4.533850193023682 	28.4653
2015-01-10T18:44:59.999Z 	42014.78124999927 	42.8309698 	3.3001548 	13.803000450134277 	1506.199951171875 	37.8942985534668 	4.5324201583862305 	28.4684
2015-01-10T18:49:59.999Z 	42014.78472222149 	42.8323258 	3.2978005 	13.791999816894531 	1506.199951171875 	37.891998291015625 	4.529980182647705 	28.469
2015-01-10T18:54:59.999Z 	42014.78819444371 	42.8323419 	3.297824 	13.78499984741211 	1506.199951171875 	37.891700744628906 	4.52957010269165 	28.4701
2015-01-10T18:59:59.999Z 	42014.79166666593 	42.8323226 	3.2978043 	13.767999649047852 	1506.0999755859375 	37.89099884033203 	4.527740001678467 	28.4733
2015-01-10T19:04:59.999Z 	42014.79513888815 	42.8323611 	3.2978227 	13.76099967956543 	1506.0999755859375 	37.88999938964844 	4.526309967041016 	28.474
2015-01-10T19:09:59.999Z 	42014.79861111037 	42.8323537 	3.2979394 	13.744000434875488 	1506.0 	37.88990020751953 	4.5246901512146 	28.4776
2015-01-10T19:14:59.999Z 	42014.802083332586 	42.8315432 	3.3072591 	13.795999526977539 	1506.199951171875 	37.8916015625 	4.5300798416137695 	28.4678
2015-01-10T19:19:59.999Z 	42014.805555554805 	42.8229524 	3.3220721 	13.925000190734863 	1506.5999755859375 	37.889198303222656 	4.532830238342285 	28.4381
2015-01-10T19:24:59.999Z 	42014.809027777024 	42.8150903 	3.3363587 	14.434000015258789 	1508.300048828125 	37.92879867553711 	4.594299793243408 	28.3583
2015-01-10T19:29:59.999Z 	42014.81249999924 	42.8124885 	3.3382493 	14.480999946594238 	1508.5 	37.94219970703125 	4.605899810791016 	28.3581
2015-01-10T19:34:59.999Z 	42014.81597222146 	42.8138153 	3.3362177 	14.46500015258789 	1508.4000244140625 	37.94390106201172 	4.60630989074707 	28.3629
2015-01-10T19:39:59.999Z 	42014.81944444368 	42.8138133 	3.3362531 	14.46500015258789 	1508.4000244140625 	37.94150161743164 	4.6053900718688965 	28.3612
2015-01-10T19:44:59.999Z 	42014.8229166659 	42.8138131 	3.3362296 	14.446999549865723 	1508.4000244140625 	37.94089889526367 	4.603859901428223 	28.3647
2015-01-10T19:49:59.999Z 	42014.82638888812 	42.8138017 	3.3362361 	14.456999778747559 	1508.4000244140625 	37.93870162963867 	4.605589866638184 	28.3608
2015-01-10T19:54:59.999Z 	42014.82986111034 	42.8142818 	3.3369129 	14.420000076293945 	1508.300048828125 	37.9380989074707 	4.601729869842529 	28.3685
2015-01-10T19:59:59.999Z 	42014.83333333256 	42.8101127 	3.3497791 	14.482999801635742 	1508.5 	37.94319915771484 	4.607830047607422 	28.3585
2015-01-10T20:04:59.999Z 	42014.836805554776 	42.8007247 	3.3646262 	14.583000183105469 	1508.800048828125 	37.93669891357422 	4.612619876861572 	28.3314
2015-01-10T20:09:59.999Z 	42014.840277776995 	42.7949632 	3.3735364 	14.609999656677246 	1508.9000244140625 	37.94409942626953 	4.619329929351807 	28.3312
2015-01-10T20:14:59.999Z 	42014.843749999214 	42.7942152 	3.3733579 	14.598999977111816 	1508.800048828125 	37.94409942626953 	4.619329929351807 	28.3335
2015-01-10T20:19:59.999Z 	42014.84722222143 	42.7942088 	3.3733506 	14.593000411987305 	1508.800048828125 	37.94449996948242 	4.619740009307861 	28.3351
2015-01-10T20:24:59.999Z 	42014.85069444365 	42.7945531 	3.373494 	14.581000328063965 	1508.800048828125 	37.94279861450195 	4.617300033569336 	28.3365
2015-01-10T20:29:59.999Z 	42014.85416666587 	42.7945955 	3.3735275 	14.586000442504883 	1508.800048828125 	37.94329833984375 	4.6180100440979 	28.3359
2015-01-10T20:34:59.999Z 	42014.85763888809 	42.7945847 	3.3735293 	14.585000038146973 	1508.800048828125 	37.94160079956055 	4.617090225219727 	28.3348
2015-01-10T20:39:59.999Z 	42014.86111111031 	42.7945712 	3.3734922 	14.583999633789062 	1508.800048828125 	37.94260025024414 	4.617199897766113 	28.3358
2015-01-10T20:44:59.999Z 	42014.86458333253 	42.7946001 	3.373532 	14.569000244140625 	1508.699951171875 	37.94300079345703 	4.617599964141846 	28.3393
2015-01-10T20:49:59.999Z 	42014.86805555475 	42.7936189 	3.3797473 	14.557000160217285 	1508.699951171875 	37.94089889526367 	4.615769863128662 	28.3404
2015-01-10T20:54:59.999Z 	42014.871527776966 	42.7858626 	3.3958274 	14.526000022888184 	1508.5999755859375 	37.94160079956055 	4.612410068511963 	28.3478
2015-01-10T20:59:59.999Z 	42014.874999999185 	42.7788446 	3.4112657 	14.519000053405762 	1508.5999755859375 	37.940399169921875 	4.611189842224121 	28.3483
2015-01-10T21:04:59.999Z 	42014.878472221404 	42.7760141 	3.4113328 	14.541000366210938 	1508.5999755859375 	37.93830108642578 	4.612209796905518 	28.342
2015-01-10T21:09:59.999Z 	42014.88194444362 	42.7773402 	3.4128043 	14.520000457763672 	1508.5999755859375 	37.93830108642578 	4.610380172729492 	28.3465
2015-01-10T21:14:59.999Z 	42014.88541666584 	42.7770597 	3.4128142 	14.51200008392334 	1508.5999755859375 	37.93550109863281 	4.6090497970581055 	28.3461
2015-01-10T21:19:59.999Z 	42014.88888888806 	42.7770654 	3.4128227 	14.503000259399414 	1508.5 	37.935199737548835 	4.607629776000977 	28.348
2015-01-10T21:24:59.999Z 	42014.89236111028 	42.7770484 	3.412817 	14.51099967956543 	1508.5999755859375 	37.937198638916016 	4.6099700927734375 	28.3476
2015-01-10T21:29:59.999Z 	42014.8958333325 	42.7774678 	3.4140923 	14.494999885559082 	1508.5 	37.936798095703125 	4.608240127563477 	28.3508
2015-01-10T21:34:59.999Z 	42014.89930555472 	42.771618 	3.4270771 	14.515000343322754 	1508.5999755859375 	37.93949890136719 	4.611090183258057 	28.3485
2015-01-10T21:39:59.999Z 	42014.90277777694 	42.7641416 	3.4430306 	14.53600025177002 	1508.5999755859375 	37.94139862060547 	4.615469932556152 	28.3454
2015-01-10T21:44:59.999Z 	42014.906249999156 	42.7590146 	3.4505278 	14.555999755859375 	1508.699951171875 	37.92829895019531 	4.613019943237305 	28.331
2015-01-10T21:49:59.999Z 	42014.909722221375 	42.7581002 	3.4492245 	14.527000427246094 	1508.5999755859375 	37.93299865722656 	4.611700057983398 	28.3408
2015-01-10T21:54:59.999Z 	42014.913194443594 	42.7581011 	3.4492159 	14.522000312805176 	1508.5999755859375 	37.93370056152344 	4.610680103302002 	28.3426
2015-01-10T21:59:59.999Z 	42014.91666666581 	42.7580829 	3.4491931 	14.531999588012695 	1508.5999755859375 	37.93330001831055 	4.610779762268066 	28.34
2015-01-10T22:04:59.999Z 	42014.92013888803 	42.758103 	3.4491899 	14.531000137329102 	1508.5999755859375 	37.93429946899414 	4.611189842224121 	28.341
2015-01-10T22:09:59.999Z 	42014.92361111025 	42.7553713 	3.4588139 	14.526000022888184 	1508.5999755859375 	37.933101654052734 	4.611499786376953 	28.3412
2015-01-10T22:14:59.999Z 	42014.92708333247 	42.7486057 	3.4752769 	14.539999961853027 	1508.5999755859375 	37.9297981262207 	4.61230993270874 	28.3355
2015-01-10T22:19:59.999Z 	42014.93055555469 	42.7423939 	3.4887473 	14.494999885559082 	1508.5 	37.92340087890625 	4.605690002441406 	28.3406
2015-01-10T22:24:59.999Z 	42014.93402777691 	42.7401101 	3.4881195 	14.387999534606934 	1508.0999755859375 	37.9275016784668 	4.596640110015869 	28.3673
2015-01-10T22:29:59.999Z 	42014.93749999913 	42.7401725 	3.4879767 	14.387999534606934 	1508.0999755859375 	37.92559814453125 	4.596429824829102 	28.3657
2015-01-10T22:34:59.999Z 	42014.940972221346 	42.740164 	3.4879901 	14.38599967956543 	1508.0999755859375 	37.92559814453125 	4.595920085906982 	28.3663
2015-01-10T22:39:59.999Z 	42014.944444443565 	42.740172 	3.4879905 	14.37600040435791 	1508.0999755859375 	37.925498962402344 	4.595109939575195 	28.3684
2015-01-10T22:44:59.999Z 	42014.947916665784 	42.7402822 	3.4882267 	14.368000030517578 	1508.0999755859375 	37.91389846801758 	4.59296989440918 	28.361
2015-01-10T22:49:59.999Z 	42014.951388888 	42.7378173 	3.4974132 	14.378000259399414 	1508.0999755859375 	37.931499481201165 	4.597650051116943 	28.3726
2015-01-10T22:54:59.999Z 	42014.95486111022 	42.7311958 	3.514318 	14.333000183105469 	1508.0 	37.931400299072266 	4.59266996383667 	28.3823
2015-01-10T22:59:59.999Z 	42014.95833333244 	42.7240288 	3.5273248 	14.022000312805176 	1507.0 	37.91899871826172 	4.562339782714844 	28.4404
2015-01-10T23:04:59.999Z 	42014.96180555466 	42.722474 	3.5273881 	13.949000358581543 	1506.699951171875 	37.909400939941406 	4.549520015716553 	28.4488
2015-01-10T23:09:59.999Z 	42014.96527777688 	42.7224771 	3.5274012 	13.890000343322754 	1506.5 	37.90620040893555 	4.543000221252441 	28.4588
2015-01-10T23:14:59.999Z 	42014.9687499991 	42.7224734 	3.5273756 	13.878999710083008 	1506.5 	37.90560150146484 	4.5409698486328125 	28.4609
2015-01-10T23:19:59.999Z 	42014.97222222132 	42.7224656 	3.5274061 	13.866999626159668 	1506.5 	37.904399871826165 	4.539949893951416 	28.4625
2015-01-10T23:24:59.999Z 	42014.975694443536 	42.7224708 	3.5273868 	13.866000175476074 	1506.5 	37.904399871826165 	4.539440155029297 	28.4627
2015-01-10T23:29:59.999Z 	42014.979166665755 	42.7224673 	3.5273612 	13.855999946594238 	1506.4000244140625 	37.90349960327149 	4.538320064544678 	28.4642
2015-01-10T23:34:59.999Z 	42014.982638887974 	42.7223361 	3.5277422 	13.87600040435791 	1506.5 	37.90549850463867 	4.5406599044799805 	28.4615
2015-01-10T23:39:59.999Z 	42014.98611111019 	42.7205582 	3.5384726 	14.187000274658203 	1507.5 	37.900001525878906 	4.558469772338867 	28.39
2015-01-10T23:44:59.999Z 	42014.98958333241 	42.713656 	3.5547765 	14.58899974822998 	1508.800048828125 	37.92169952392578 	4.607629776000977 	28.3184
2015-01-10T23:49:59.999Z 	42014.99305555463 	42.7053221 	3.5701828 	14.843000411987305 	1509.5999755859375 	37.93960189819336 	4.641829967498779 	28.2758
2015-01-10T23:54:59.999Z 	42014.99652777685 	42.695629 	3.5873181000000005 	14.871000289916992 	1509.699951171875 	37.952598571777344 	4.649159908294678 	28.2796
2015-01-10T23:59:59.999Z 	42014.99999999907 	42.6876244 	3.6023776 	14.873000144958496 	1509.699951171875 	37.9556999206543 	4.64955997467041 	28.2814
2015-01-11T00:04:59.999Z 	42015.00347222129 	42.6841486 	3.6040445000000005 					
