time 	latitude 	longitude 	water temperature 	water sound speed 	water salinity 	water conductivity 	anomaly of water mass density
2015-01-11T00:00:00.000Z 	42015.0 	42.6876244 	3.6023776 	14.873000144958496 	1509.699951171875 	37.9556999206543 	4.64955997467041 	28.2814
2015-01-11T00:04:59.999Z 	42015.00347222222 	42.6841436 	3.60404 	14.857000350952148 	1509.699951171875 	37.95800018310547 	4.649159908294678 	28.2868
2015-01-11T00:09:59.999Z 	42015.00694444444 	42.6832939 	3.6058044000000002 	14.855999946594238 	1509.699951171875 	37.9541015625 	4.647940158843994 	28.284
2015-01-11T00:14:59.999Z 	42015.01041666666 	42.6836942 	3.6078684 	14.880999565124512 	1509.699951171875 	37.955101013183594 	4.648039817810059 	28.2792
2015-01-11T00:19:59.999Z 	42015.013888888876 	42.6841302 	3.6045107 	14.86299991607666 	1509.699951171875 	37.955299377441406 	4.648139953613281 	28.2834
2015-01-11T00:24:59.999Z 	42015.017361111095 	42.6851174 	3.6031337 	14.87399959564209 	1509.699951171875 	37.957000732421875 	4.6500701904296875 	28.2824
2015-01-11T00:29:59.999Z 	42015.020833333314 	42.68511 	3.6031385999999994 	14.876999855041504 	1509.699951171875 	37.956600189208984 	4.650179862976074 	28.2813
2015-01-11T00:34:59.999Z 	42015.02430555553 	42.6851019 	3.6031396000000004 	14.873000144958496 	1509.699951171875 	37.953800201416016 	4.649869918823242 	28.2801
2015-01-11T00:39:59.999Z 	42015.02777777775 	42.6851032 	3.6031308999999996 	14.869000434875488 	1509.699951171875 	37.95439910888672 	4.649059772491455 	28.2813
2015-01-11T00:44:59.999Z 	42015.03124999997 	42.6851134 	3.6031236 	14.871999740600586 	1509.699951171875 	37.953399658203125 	4.6494598388671875 	28.2801
2015-01-11T00:49:59.999Z 	42015.03472222219 	42.6846963 	3.605435 	14.864999771118164 	1509.699951171875 	37.95330047607422 	4.649159908294678 	28.2815
2015-01-11T00:54:59.999Z 	42015.03819444441 	42.678745 	3.6214264 	14.82800006866455 	1509.5999755859375 	37.95119857788086 	4.646309852600098 	28.2882
2015-01-11T00:59:59.999Z 	42015.04166666663 	42.6699644 	3.6385158 	14.819999694824219 	1509.5 	37.9463005065918 	4.644169807434082 	28.2861
2015-01-11T01:04:59.999Z 	42015.04513888885 	42.6615546 	3.6558965 	14.821000099182129 	1509.5 	37.95220184326172 	4.644370079040527 	28.2904
2015-01-11T01:09:59.999Z 	42015.048611111066 	42.6532497 	3.6731709 	14.732000350952148 	1509.300048828125 	37.948299407958984 	4.637450218200684 	28.3072
2015-01-11T01:14:59.999Z 	42015.052083333285 	42.6478841 	3.6826159000000005 	14.616000175476074 	1508.9000244140625 	37.940399169921875 	4.626460075378418 	28.3269
2015-01-11T01:19:59.999Z 	42015.055555555504 	42.6445021 	3.6826222 	14.574000358581543 	1508.699951171875 	37.904399871826165 	4.611599922180176 	28.3085
2015-01-11T01:24:59.999Z 	42015.05902777772 	42.6439413 	3.6806361 	14.612000465393066 	1508.9000244140625 	37.923301696777344 	4.617809772491455 	28.3147
2015-01-11T01:29:59.999Z 	42015.06249999994 	42.6461016 	3.6802294 	14.651000022888184 	1509.0 	37.9380989074707 	4.625539779663086 	28.3174
2015-01-11T01:34:59.999Z 	42015.06597222216 	42.6447954 	3.6799817999999997 	14.64900016784668 	1509.0 	37.9370002746582 	4.6274800300598145 	28.3169
2015-01-11T01:39:59.999Z 	42015.06944444438 	42.6454411 	3.6802073 	14.64900016784668 	1509.0 	37.938201904296875 	4.6248297691345215 	28.3179
2015-01-11T01:44:59.999Z 	42015.0729166666 	42.6467337 	3.6823178000000003 	14.585000038146973 	1508.800048828125 	37.92839813232422 	4.618720054626465 	28.3245
2015-01-11T01:49:59.999Z 	42015.07638888882 	42.6478151 	3.6806249000000006 	14.626999855041504 	1508.9000244140625 	37.931400299072266 	4.6211700439453125 	28.3175
2015-01-11T01:54:59.999Z 	42015.07986111104 	42.6480443 	3.6799893000000004 	14.640000343322754 	1509.0 	37.9369010925293 	4.624320030212402 	28.319
2015-01-11T01:59:59.999Z 	42015.083333333256 	42.6480082 	3.6800035 	14.65999984741211 	1509.0 	37.93410110473633 	4.623509883880615 	28.3123
2015-01-11T02:04:59.999Z 	42015.086805555475 	42.6479922 	3.6800149 	14.675999641418457 	1509.0999755859375 	37.93960189819336 	4.628190040588379 	28.3131
2015-01-11T02:09:59.999Z 	42015.090277777694 	42.6480249 	3.6800151 	14.675999641418457 	1509.0999755859375 	37.94029998779297 	4.627679824829102 	28.3134
2015-01-11T02:14:59.999Z 	42015.09374999991 	42.6480258 	3.6800023 	14.654000282287598 	1509.0 	37.93830108642578 	4.626150131225586 	28.3169
2015-01-11T02:19:59.999Z 	42015.09722222213 	42.6477618 	3.6832053000000005 	14.63700008392334 	1508.9000244140625 	37.933799743652344 	4.6234002113342285 	28.3171
2015-01-11T02:24:59.999Z 	42015.10069444435 	42.6425729 	3.6952174 	14.54699993133545 	1508.5999755859375 	37.879600524902344 	4.605490207672119 	28.2953
2015-01-11T02:29:59.999Z 	42015.10416666657 	42.6352025 	3.7104452999999995 	14.456999778747559 	1508.300048828125 	37.87049865722656 	4.603559970855713 	28.308
2015-01-11T02:34:59.999Z 	42015.10763888879 	42.6273302 	3.7283908 	14.321999549865723 	1507.800048828125 	37.79389953613281 	4.57535982131958 	28.2784
2015-01-11T02:39:59.999Z 	42015.11111111101 	42.6193201 	3.7469709 	14.364999771118164 	1507.9000244140625 	37.792999267578125 	4.579639911651611 	28.2682
2015-01-11T02:44:59.999Z 	42015.11458333323 	42.6133899 	3.7552463000000005 	14.468999862670898 	1508.199951171875 	37.78990173339844 	4.597959995269775 	28.243
2015-01-11T02:49:59.999Z 	42015.118055555446 	42.6109513 	3.7541272000000006 	14.37600040435791 	1508.0 	37.793598175048835 	4.582180023193359 	28.2664
2015-01-11T02:54:59.999Z 	42015.121527777665 	42.6116008 	3.7578501000000006 	14.449000358581543 	1508.199951171875 	37.792198181152344 	4.588089942932129 	28.2491
2015-01-11T02:59:59.999Z 	42015.12499999988 	42.6129796 	3.7558104 	14.430999755859375 	1508.0999755859375 	37.793701171875 	4.5878801345825195 	28.2543
2015-01-11T03:04:59.999Z 	42015.1284722221 	42.6128433 	3.7536051000000006 	14.423999786376953 	1508.0999755859375 	37.79159927368164 	4.586559772491455 	28.2542
2015-01-11T03:09:59.999Z 	42015.13194444432 	42.6128289 	3.7535874 	14.428000450134277 	1508.0999755859375 	37.79159927368164 	4.586050033569336 	28.2533
2015-01-11T03:14:59.999Z 	42015.13541666654 	42.6128669 	3.7535582 	14.420999526977539 	1508.0999755859375 	37.79130172729492 	4.585949897766113 	28.2547
2015-01-11T03:19:59.999Z 	42015.13888888876 	42.612841 	3.7535671000000006 	14.418999671936035 	1508.0999755859375 	37.79119873046875 	4.585130214691162 	28.255
2015-01-11T03:24:59.999Z 	42015.14236111098 	42.6128396 	3.7536141 	14.423999786376953 	1508.0999755859375 	37.79050064086914 	4.586150169372559 	28.2534
2015-01-11T03:29:59.999Z 	42015.1458333332 	42.6128533 	3.7535862000000004 	14.428000450134277 	1508.0999755859375 	37.79230117797851 	4.586050033569336 	28.2539
2015-01-11T03:34:59.999Z 	42015.14930555542 	42.6128358 	3.7535929999999995 	14.4350004196167 	1508.0999755859375 	37.791500091552734 	4.586249828338623 	28.2516
2015-01-11T03:39:59.999Z 	42015.152777777635 	42.6128304 	3.7535495999999995 	14.432999610900879 	1508.0999755859375 	37.79330062866211 	4.586460113525391 	28.2536
2015-01-11T03:44:59.999Z 	42015.156249999854 	42.612845 	3.7535925 	14.435999870300293 	1508.0999755859375 	37.7932014465332 	4.587170124053955 	28.2529
2015-01-11T03:49:59.999Z 	42015.15972222207 	42.6128737 	3.7535758 	14.437000274658203 	1508.0999755859375 	37.793598175048835 	4.58758020401001 	28.2528
2015-01-11T03:54:59.999Z 	42015.16319444429 	42.6128415 	3.7535956 	14.446000099182129 	1508.199951171875 	37.79249954223633 	4.588190078735352 	28.2502
2015-01-11T03:59:59.999Z 	42015.16666666651 	42.6128469 	3.7535791 	14.4350004196167 	1508.0999755859375 	37.793800354003906 	4.587679862976074 	28.2536
2015-01-11T04:04:59.999Z 	42015.17013888873 	42.6128067 	3.7535728000000006 	14.446000099182129 	1508.199951171875 	37.793598175048835 	4.58758020401001 	28.251
2015-01-11T04:09:59.999Z 	42015.17361111095 	42.6128176 	3.7535983999999996 	14.45199966430664 	1508.199951171875 	37.79330062866211 	4.587979793548584 	28.2494
2015-01-11T04:14:59.999Z 	42015.17708333317 	42.6128458 	3.753575 	14.446000099182129 	1508.199951171875 	37.79249954223633 	4.589200019836426 	28.2501
2015-01-11T04:19:59.999Z 	42015.18055555539 	42.6128268 	3.753586 	14.444000244140625 	1508.199951171875 	37.79290008544922 	4.58758020401001 	28.2509
2015-01-11T04:24:59.999Z 	42015.18402777761 	42.612846 	3.7535622 	14.45300006866455 	1508.199951171875 	37.79330062866211 	4.588490009307861 	28.2492
2015-01-11T04:29:59.999Z 	42015.187499999825 	42.6128564 	3.7535956 	14.449999809265137 	1508.199951171875 	37.79290008544922 	4.589099884033203 	28.2496
2015-01-11T04:34:59.999Z 	42015.190972222044 	42.6128452 	3.7535997000000005 	14.449000358581543 	1508.199951171875 	37.793800354003906 	4.588699817657471 	28.2505
2015-01-11T04:39:59.999Z 	42015.19444444426 	42.6120343 	3.7528589999999995 	14.555000305175781 	1508.5 	37.79100036621094 	4.5899200439453125 	28.225
2015-01-11T04:44:59.999Z 	42015.19791666648 	42.6065362 	3.7583794000000004 	14.45300006866455 	1508.199951171875 	37.7942008972168 	4.589099884033203 	28.2499
2015-01-11T04:49:59.999Z 	42015.2013888887 	42.5995636 	3.7725258999999998 	14.642000198364258 	1508.9000244140625 	37.84370040893555 	4.61230993270874 	28.2463
2015-01-11T04:54:59.999Z 	42015.20486111092 	42.5925344 	3.7885166 	14.564000129699707 	1508.5999755859375 	37.83060073852539 	4.606299877166748 	28.2535
2015-01-11T04:59:59.999Z 	42015.20833333314 	42.5853924 	3.8047095 	14.520000457763672 	1508.5 	37.82889938354492 	4.600500106811523 	28.2619
2015-01-11T05:04:59.999Z 	42015.21180555536 	42.5783466 	3.8204484 	14.52400016784668 	1508.5 	37.83769989013672 	4.6008100509643555 	28.2678
2015-01-11T05:09:59.999Z 	42015.21527777758 	42.5720886 	3.8350257999999995 	14.53499984741211 	1508.5 	37.84830093383789 	4.603050231933594 	28.2737
2015-01-11T05:14:59.999Z 	42015.218749999796 	42.569371 	3.8442883000000005 	14.527000427246094 	1508.5 	37.85150146484375 	4.603250026702881 	28.2779
2015-01-11T05:19:59.999Z 	42015.222222222015 	42.5681569 	3.849355 	14.512999534606934 	1508.5 	37.85639953613281 	4.602029800415039 	28.2847
2015-01-11T05:24:59.999Z 	42015.225694444234 	42.568255 	3.8509417 	14.52400016784668 	1508.5 	37.85699844360351 	4.602230072021484 	28.2828
2015-01-11T05:29:59.999Z 	42015.22916666645 	42.5678724 	3.8482647999999995 	14.512999534606934 	1508.5 	37.85820007324219 	4.602439880371094 	28.2862
2015-01-11T05:34:59.999Z 	42015.23263888867 	42.5675736 	3.8480947 	14.515999794006348 	1508.5 	37.85430145263672 	4.6027398109436035 	28.2825
2015-01-11T05:39:59.999Z 	42015.23611111089 	42.5675826 	3.8481030000000005 	14.513999938964844 	1508.5 	37.85760116577149 	4.602230072021484 	28.2855
2015-01-11T05:44:59.999Z 	42015.23958333311 	42.5675837 	3.8481187999999995 	14.51099967956543 	1508.5 	37.855201721191406 	4.601830005645752 	28.2842
2015-01-11T05:49:59.999Z 	42015.24305555533 	42.5675985 	3.8480992999999994 	14.513999938964844 	1508.5 	37.856201171875 	4.601930141448975 	28.2843
2015-01-11T05:54:59.999Z 	42015.24652777755 	42.5675961 	3.848092 	14.51200008392334 	1508.5 	37.8577995300293 	4.602540016174316 	28.286
2015-01-11T05:59:59.999Z 	42015.24999999977 	42.5675632 	3.8480956 	14.517000198364258 	1508.5 	37.85810089111328 	4.603449821472168 	28.2852
2015-01-11T06:04:59.999Z 	42015.253472221986 	42.5675945 	3.8481032 	14.508999824523926 	1508.4000244140625 	37.856300354003906 	4.601719856262207 	28.2856
2015-01-11T06:09:59.999Z 	42015.256944444205 	42.5675727 	3.8480750999999995 	14.510000228881836 	1508.5 	37.85820007324219 	4.601419925689697 	28.2868
2015-01-11T06:14:59.999Z 	42015.260416666424 	42.5675901 	3.848122 	14.520000457763672 	1508.5 	37.85540008544922 	4.596739768981934 	28.2825
2015-01-11T06:19:59.999Z 	42015.26388888864 	42.5675787 	3.8480678 	14.52299976348877 	1508.5 	37.85029983520508 	4.594799995422363 	28.2779
2015-01-11T06:24:59.999Z 	42015.26736111086 	42.5650947 	3.8495282 	14.503000259399414 	1508.4000244140625 	37.86399841308594 	4.595109939575195 	28.2929
2015-01-11T06:29:59.999Z 	42015.27083333308 	42.5606355 	3.861331 	14.503000259399414 	1508.4000244140625 	37.86050033569336 	4.594799995422363 	28.2901
2015-01-11T06:34:59.999Z 	42015.2743055553 	42.5532843 	3.8752141 	14.489999771118164 	1508.4000244140625 	37.86640167236328 	4.593989849090576 	28.2975
2015-01-11T06:39:59.999Z 	42015.27777777752 	42.545634 	3.8897062 	14.463000297546387 	1508.300048828125 	37.87409973144531 	4.592259883880615 	28.3095
2015-01-11T06:44:59.999Z 	42015.28124999974 	42.5377595 	3.9047989 	14.409000396728516 	1508.199951171875 	37.87630081176758 	4.585849761962891 	28.323
2015-01-11T06:49:59.999Z 	42015.28472222196 	42.5298437 	3.9201016 	14.366000175476074 	1508.0 	37.87089920043945 	4.581980228424072 	28.3282
2015-01-11T06:54:59.999Z 	42015.288194444176 	42.5229248 	3.9335354000000002 	14.380000114440918 	1508.0 	37.85300064086914 	4.579539775848389 	28.3114
2015-01-11T06:59:59.999Z 	42015.291666666395 	42.5218431 	3.9389207999999996 	14.4350004196167 	1508.199951171875 	37.86090087890625 	4.586460113525391 	28.3054
2015-01-11T07:04:59.999Z 	42015.295138888614 	42.5216104 	3.9392988 	14.446000099182129 	1508.300048828125 	37.87189865112305 	4.589099884033203 	28.3115
2015-01-11T07:09:59.999Z 	42015.29861111083 	42.5216245 	3.9392934 	14.45199966430664 	1508.300048828125 	37.8734016418457 	4.5899200439453125 	28.3112
2015-01-11T07:14:59.999Z 	42015.30208333305 	42.521642 	3.9393066000000005 	14.446999549865723 	1508.300048828125 	37.87329864501953 	4.591440200805664 	28.3125
2015-01-11T07:19:59.999Z 	42015.30555555527 	42.5216547 	3.939315 	14.4399995803833 	1508.199951171875 	37.87160110473633 	4.589509963989258 	28.3127
2015-01-11T07:24:59.999Z 	42015.30902777749 	42.5216218 	3.9393653 	14.442999839782715 	1508.300048828125 	37.870399475097656 	4.590330123901367 	28.3109
2015-01-11T07:29:59.999Z 	42015.31249999971 	42.521623 	3.9393234 	14.449000358581543 	1508.300048828125 	37.87229919433594 	4.590020179748535 	28.3111
2015-01-11T07:34:59.999Z 	42015.31597222193 	42.5216457 	3.9392947 	14.449000358581543 	1508.300048828125 	37.87459945678711 	4.5901198387146 	28.313
2015-01-11T07:39:59.999Z 	42015.31944444415 	42.5216212 	3.9393211999999997 	14.454999923706055 	1508.300048828125 	37.875999450683594 	4.590939998626709 	28.3128
2015-01-11T07:44:59.999Z 	42015.322916666366 	42.5216095 	3.9393277 	14.479999542236328 	1508.4000244140625 	37.87799835205078 	4.591949939727783 	28.3087
2015-01-11T07:49:59.999Z 	42015.326388888585 	42.521612 	3.9393064 	14.463000297546387 	1508.300048828125 	37.87990188598633 	4.59266996383667 	28.3139
2015-01-11T07:54:59.999Z 	42015.329861110804 	42.5216241 	3.9392890999999994 	14.470000267028809 	1508.4000244140625 	37.88240051269531 	4.593379974365234 	28.3143
2015-01-11T07:59:59.999Z 	42015.33333333302 	42.5216344 	3.939323 	14.487000465393066 	1508.4000244140625 	37.8828010559082 	4.594289779663086 	28.3108
2015-01-11T08:04:59.999Z 	42015.33680555524 	42.5216241 	3.9392713000000006 	14.522000312805176 	1508.5 	37.88290023803711 	4.597959995269775 	28.3033
2015-01-11T08:09:59.999Z 	42015.34027777746 	42.5193479 	3.9456904000000006 	14.579999923706055 	1508.699951171875 	37.8849983215332 	4.605490207672119 	28.2921
2015-01-11T08:14:59.999Z 	42015.34374999968 	42.5124929 	3.9608782 	14.555000305175781 	1508.5999755859375 	37.864498138427734 	4.603050231933594 	28.2818
2015-01-11T08:19:59.999Z 	42015.3472222219 	42.5046935 	3.9769638 	14.638999938964844 	1508.9000244140625 	37.859100341796875 	4.602540016174316 	28.2589
2015-01-11T08:24:59.999Z 	42015.35069444412 	42.4972547 	3.9933500000000004 	14.75100040435791 	1509.300048828125 	37.92679977416992 	4.627170085906982 	28.2864
2015-01-11T08:29:59.999Z 	42015.35416666634 	42.4895723 	4.0094505 	14.880000114440918 	1509.800048828125 	37.97430038452149 	4.642029762268066 	28.2943
2015-01-11T08:34:59.999Z 	42015.357638888556 	42.4819191 	4.0249691 	15.211000442504883 	1510.800048828125 	38.020301818847656 	4.684179782867432 	28.2551
2015-01-11T08:39:59.999Z 	42015.361111110775 	42.4760202 	4.0347838 	15.244000434875488 	1511.0 	38.021099090576165 	4.689879894256592 	28.2482
2015-01-11T08:44:59.999Z 	42015.364583332994 	42.4740693 	4.0331544 	15.246999740600586 	1511.0 	38.02170181274414 	4.689879894256592 	28.248
2015-01-11T08:49:59.999Z 	42015.36805555521 	42.474043 	4.0332493 	15.265999794006348 	1511.0 	38.02199935913086 	4.6899800300598145 	28.2439
2015-01-11T08:54:59.999Z 	42015.37152777743 	42.4742511 	4.0335224 	15.24899959564209 	1511.0 	38.02170181274414 	4.690390110015869 	28.2477
2015-01-11T08:59:59.999Z 	42015.37499999965 	42.4744539 	4.03379 	15.253999710083008 	1511.0 	38.02149963378906 	4.690790176391602 	28.2464
2015-01-11T09:04:59.999Z 	42015.37847222187 	42.4746723 	4.0340203 	15.248000144958496 	1511.0 	38.02280044555664 	4.690790176391602 	28.2487
2015-01-11T09:09:59.999Z 	42015.38194444409 	42.474763 	4.0342203 	15.270000457763672 	1511.0 	38.02040100097656 	4.690889835357666 	28.2418
2015-01-11T09:14:59.999Z 	42015.38541666631 	42.4747801 	4.0342654 	15.253000259399414 	1511.0 	38.02119827270508 	4.691199779510498 	28.2464
2015-01-11T09:19:59.999Z 	42015.38888888853 	42.4747404 	4.0342869 	15.256999969482422 	1511.0 	38.02090072631836 	4.691100120544434 	28.2452
2015-01-11T09:24:59.999Z 	42015.392361110746 	42.4747801 	4.0342318 	15.265999794006348 	1511.0 	38.02050018310547 	4.692729949951172 	28.2427
2015-01-11T09:29:59.999Z 	42015.395833332965 	42.4747792 	4.0342513 	15.258000373840332 	1511.0 	38.022499084472656 	4.691199779510498 	28.2463
2015-01-11T09:34:59.999Z 	42015.399305555184 	42.4747726 	4.0343054 	15.256999969482422 	1511.0 	38.02080154418945 	4.692319869995117 	28.2451
2015-01-11T09:39:59.999Z 	42015.4027777774 	42.4729028 	4.0339219 	15.265999794006348 	1511.0 	38.023101806640625 	4.69782018661499 	28.2448
2015-01-11T09:44:59.999Z 	42015.40624999962 	42.466084 	4.0450554 	15.272000312805176 	1511.0 	38.01639938354492 	4.6919097900390625 	28.2384
2015-01-11T09:49:59.999Z 	42015.40972222184 	42.4590571 	4.0609948 	15.295999526977539 	1511.0999755859375 	38.02009963989258 	4.695370197296143 	28.2356
2015-01-11T09:54:59.999Z 	42015.41319444406 	42.4525691 	4.0766657 	15.232000350952148 	1510.9000244140625 	38.02000045776367 	4.690489768981934 	28.2502
2015-01-11T09:59:59.999Z 	42015.41666666628 	42.4453263 	4.0917339 	15.154000282287598 	1510.699951171875 	38.0275993347168 	4.682650089263916 	28.2738
2015-01-11T10:04:59.999Z 	42015.4201388885 	42.4381915 	4.1073018 	15.060999870300293 	1510.4000244140625 	38.03810119628906 	4.674099922180176 	28.3028
2015-01-11T10:09:59.999Z 	42015.42361111072 	42.430304 	4.1222797 	14.982999801635742 	1510.199951171875 	38.049198150634766 	4.666769981384277 	28.3291
2015-01-11T10:14:59.999Z 	42015.427083332936 	42.4286315 	4.1286489 	14.958999633789062 	1510.0999755859375 	38.04850006103516 	4.663919925689697 	28.334
2015-01-11T10:19:59.999Z 	42015.430555555155 	42.429045 	4.1288018 	14.960000038146973 	1510.0999755859375 	38.049701690673835 	4.664629936218262 	28.3345
2015-01-11T10:24:59.999Z 	42015.43402777737 	42.4289263 	4.1286898 	14.96500015258789 	1510.0999755859375 	38.04850006103516 	4.663919925689697 	28.3325
2015-01-11T10:29:59.999Z 	42015.43749999959 	42.4289142 	4.1287277 	14.989999771118164 	1510.199951171875 	38.04779815673828 	4.664430141448975 	28.3263
2015-01-11T10:34:59.999Z 	42015.44097222181 	42.4289394 	4.1287393 	14.980999946594238 	1510.199951171875 	38.048301696777344 	4.665649890899658 	28.3288
2015-01-11T10:39:59.999Z 	42015.44444444403 	42.428956 	4.1287 	14.986000061035156 	1510.199951171875 	38.04859924316406 	4.6652398109436035 	28.328
2015-01-11T10:44:59.999Z 	42015.44791666625 	42.4288277 	4.128831 	15.008999824523926 	1510.199951171875 	38.04779815673828 	4.667789936065674 	28.3221
2015-01-11T10:49:59.999Z 	42015.45138888847 	42.4289253 	4.1287745 	14.994000434875488 	1510.199951171875 	38.04520034790039 	4.66910982131958 	28.3234
2015-01-11T10:54:59.999Z 	42015.45486111069 	42.4289147 	4.1287453 	15.020999908447266 	1510.300048828125 	38.04690170288086 	4.667180061340332 	28.3188
2015-01-11T10:59:59.999Z 	42015.45833333291 	42.4289685 	4.1287473 	14.991000175476074 	1510.199951171875 	38.04840087890625 	4.668799877166748 	28.3266
2015-01-11T11:04:59.999Z 	42015.461805555125 	42.4289461 	4.1287027 	15.003999710083008 	1510.199951171875 	38.04840087890625 	4.669310092926025 	28.3236
2015-01-11T11:09:59.999Z 	42015.465277777344 	42.4289156 	4.128795 	14.99899959564209 	1510.199951171875 	38.04560089111328 	4.669519901275635 	28.3226
2015-01-11T11:14:59.999Z 	42015.46874999956 	42.4289181 	4.1287235 	15.034000396728516 	1510.300048828125 	38.044898986816406 	4.668190002441406 	28.3143
2015-01-11T11:19:59.999Z 	42015.47222222178 	42.4293077 	4.1303775 	15.001999855041504 	1510.199951171875 	38.04499816894531 	4.667990207672119 	28.3215
2015-01-11T11:24:59.999Z 	42015.475694444 	42.4250512 	4.1414926 	15.017999649047852 	1510.300048828125 	38.04410171508789 	4.669209957122803 	28.3173
2015-01-11T11:29:59.999Z 	42015.47916666622 	42.4163083 	4.154317 	15.005999565124512 	1510.199951171875 	38.042701721191406 	4.668399810791016 	28.3189
2015-01-11T11:34:59.999Z 	42015.48263888844 	42.4071923 	4.1685835 	14.97700023651123 	1510.0999755859375 	38.0453987121582 	4.665550231933594 	28.3275
2015-01-11T11:39:59.999Z 	42015.48611111066 	42.3977792 	4.1854885 	14.925999641418457 	1510.0 	38.051700592041016 	4.660759925842285 	28.3437
2015-01-11T11:44:59.999Z 	42015.48958333288 	42.3889207 	4.202967 	14.87399959564209 	1509.800048828125 	38.056499481201165 	4.656390190124512 	28.3592
2015-01-11T11:49:59.999Z 	42015.493055555096 	42.3822035 	4.2163518 	14.812000274658203 	1509.5999755859375 	38.06230163574219 	4.650579929351807 	28.3776
2015-01-11T11:54:59.999Z 	42015.496527777315 	42.3812414 	4.2225308 	14.802000045776367 	1509.5999755859375 	38.06420135498047 	4.647940158843994 	28.3811
2015-01-11T11:59:59.999Z 	42015.499999999534 	42.382067 	4.2231128 	14.805000305175781 	1509.5999755859375 	38.06389999389649 	4.648849964141846 	28.3804
2015-01-11T12:04:59.999Z 	42015.50347222175 	42.3821357 	4.2230556 	14.869000434875488 	1509.800048828125 	38.0619010925293 	4.650690078735352 	28.3644
2015-01-11T12:09:59.999Z 	42015.50694444397 	42.3821218 	4.2230457 	14.807000160217285 	1509.5999755859375 	38.0630989074707 	4.649059772491455 	28.3793
2015-01-11T12:14:59.999Z 	42015.51041666619 	42.3821533 	4.2230267 	14.826000213623047 	1509.699951171875 	38.062400817871094 	4.651400089263916 	28.3746
2015-01-11T12:19:59.999Z 	42015.51388888841 	42.3820617 	4.2230625 	14.833999633789062 	1509.699951171875 	38.062198638916016 	4.651599884033203 	28.3725
2015-01-11T12:24:59.999Z 	42015.51736111063 	42.3821271 	4.2230555 	14.829000473022461 	1509.699951171875 	38.06159973144531 	4.651599884033203 	28.3732
2015-01-11T12:29:59.999Z 	42015.52083333285 	42.3820789 	4.2230742 	14.842000007629395 	1509.699951171875 	38.062198638916016 	4.651599884033203 	28.3707
2015-01-11T12:34:59.999Z 	42015.52430555507 	42.382091 	4.223113 	14.84000015258789 	1509.699951171875 	38.060699462890625 	4.653329849243164 	28.3701
2015-01-11T12:39:59.999Z 	42015.527777777286 	42.3820431 	4.2230649 	14.857000350952148 	1509.800048828125 	38.058101654052734 	4.654660224914551 	28.3641
2015-01-11T12:44:59.999Z 	42015.531249999505 	42.3820476 	4.2230425 	14.85099983215332 	1509.800048828125 	38.05989837646484 	4.655879974365234 	28.367
2015-01-11T12:49:59.999Z 	42015.534722221724 	42.3820398 	4.2230555 	14.848999977111816 	1509.800048828125 	38.060699462890625 	4.654660224914551 	28.3681
2015-01-11T12:54:59.999Z 	42015.53819444394 	42.3819595 	4.2230813 	14.892999649047852 	1509.9000244140625 	38.05860137939453 	4.654860019683838 	28.3565
2015-01-11T12:59:59.999Z 	42015.54166666616 	42.3819929 	4.2231805 	14.87399959564209 	1509.800048828125 	38.05849838256836 	4.653540134429932 	28.3607
2015-01-11T13:04:59.999Z 	42015.54513888838 	42.3819266 	4.2230357 	14.878000259399414 	1509.800048828125 	38.05670166015625 	4.654150009155273 	28.3584
2015-01-11T13:09:59.999Z 	42015.5486111106 	42.3819433 	4.2231916 	14.850000381469727 	1509.800048828125 	38.05830001831055 	4.6524200439453125 	28.3659
2015-01-11T13:14:59.999Z 	42015.55208333282 	42.381639 	4.223369 	14.85200023651123 	1509.800048828125 	38.05979919433594 	4.6540398597717285 	28.3666
2015-01-11T13:19:59.999Z 	42015.55555555504 	42.3818519 	4.2239319 	14.862000465393066 	1509.800048828125 	38.05730056762695 	4.6543498039245605 	28.3623
2015-01-11T13:24:59.999Z 	42015.55902777726 	42.3796551 	4.2330149 	14.862000465393066 	1509.800048828125 	38.05780029296875 	4.655059814453125 	28.3627
2015-01-11T13:29:59.999Z 	42015.562499999476 	42.3716384 	4.2463076 	14.807999610900879 	1509.5999755859375 	38.0630989074707 	4.6503801345825195 	28.3791
2015-01-11T13:34:59.999Z 	42015.565972221695 	42.3621854 	4.2598369 	14.756999969482422 	1509.5 	38.06840133666992 	4.645899772644043 	28.3946
2015-01-11T13:39:59.999Z 	42015.569444443914 	42.3539853 	4.2757688 	14.711999893188477 	1509.300048828125 	38.070098876953125 	4.641119956970215 	28.4058
2015-01-11T13:44:59.999Z 	42015.57291666613 	42.3458151 	4.2925674 	14.6899995803833 	1509.300048828125 	38.074100494384766 	4.63847017288208 	28.414
2015-01-11T13:49:59.999Z 	42015.57638888835 	42.3383702 	4.3092441 	14.657999992370605 	1509.199951171875 	38.07640075683594 	4.6349101066589355 	28.4227
2015-01-11T13:54:59.999Z 	42015.57986111057 	42.3360505 	4.3174359 	14.628000259399414 	1509.0999755859375 	38.07740020751953 	4.632160186767578 	28.4303
2015-01-11T13:59:59.999Z 	42015.58333333279 	42.3369649 	4.3187718 	14.668000221252441 	1509.199951171875 	38.07619857788086 	4.637450218200684 	28.4204
2015-01-11T14:04:59.999Z 	42015.58680555501 	42.3367114 	4.318915 	14.644000053405762 	1509.0999755859375 	38.076698303222656 	4.633480072021484 	28.426
2015-01-11T14:09:59.999Z 	42015.59027777723 	42.3366955 	4.3189512 	14.664999961853027 	1509.199951171875 	38.07509994506836 	4.633890151977539 	28.4203
2015-01-11T14:14:59.999Z 	42015.59374999945 	42.3367149 	4.3190197 	14.645000457763672 	1509.0999755859375 	38.07849884033203 	4.633890151977539 	28.4272
2015-01-11T14:19:59.999Z 	42015.597222221666 	42.336694 	4.3189013 	14.659000396728516 	1509.199951171875 	38.076900482177734 	4.633279800415039 	28.423
2015-01-11T14:24:59.999Z 	42015.600694443885 	42.3366871 	4.3188988 	14.649999618530273 	1509.199951171875 	38.07590103149414 	4.635519981384277 	28.4241
2015-01-11T14:29:59.999Z 	42015.604166666104 	42.3367219 	4.3188729 	14.657999992370605 	1509.199951171875 	38.07659912109375 	4.633689880371094 	28.4229
2015-01-11T14:34:59.999Z 	42015.60763888832 	42.3366808 	4.3189758 	14.64900016784668 	1509.199951171875 	38.07809829711914 	4.6339898109436035 	28.4261
2015-01-11T14:39:59.999Z 	42015.61111111054 	42.3366738 	4.3188886 	14.652999877929688 	1509.199951171875 	38.07809829711914 	4.63532018661499 	28.4252
2015-01-11T14:44:59.999Z 	42015.61458333276 	42.3367653 	4.3190009 	14.64799976348877 	1509.0999755859375 	38.07780075073242 	4.633890151977539 	28.426
2015-01-11T14:49:59.999Z 	42015.61805555498 	42.3367197 	4.3188839 	14.670999526977539 	1509.199951171875 	38.07830047607422 	4.6346001625061035 	28.4214
2015-01-11T14:54:59.999Z 	42015.6215277772 	42.3366948 	4.3189826 	14.678999900817871 	1509.199951171875 	38.07849884033203 	4.633890151977539 	28.4198
2015-01-11T14:59:59.999Z 	42015.62499999942 	42.3366916 	4.3188601 	14.677000045776367 	1509.199951171875 	38.07720184326172 	4.63470983505249 	28.4192
2015-01-11T15:04:59.999Z 	42015.62847222164 	42.3367502 	4.318909 	14.649999618530273 	1509.199951171875 	38.07740020751953 	4.633480072021484 	28.4253
2015-01-11T15:09:59.999Z 	42015.631944443856 	42.3367359 	4.3188967 	14.654999732971191 	1509.199951171875 	38.07709884643555 	4.633890151977539 	28.4241
2015-01-11T15:14:59.999Z 	42015.635416666075 	42.3367404 	4.3189107 	14.657999992370605 	1509.199951171875 	38.076801300048835 	4.634300231933594 	28.4232
2015-01-11T15:19:59.999Z 	42015.638888888294 	42.3367567 	4.3189732 	14.656000137329102 	1509.199951171875 	38.076698303222656 	4.6339898109436035 	28.4235
2015-01-11T15:24:59.999Z 	42015.64236111051 	42.3367302 	4.3189787 	14.654999732971191 	1509.199951171875 	38.07609939575195 	4.634300231933594 	28.4233
2015-01-11T15:29:59.999Z 	42015.64583333273 	42.3366934 	4.3189075 	14.680999755859375 	1509.300048828125 	38.07699966430664 	4.634089946746826 	28.418
2015-01-11T15:34:59.999Z 	42015.64930555495 	42.3366865 	4.3189703 	14.670999526977539 	1509.199951171875 	38.07789993286133 	4.634200096130371 	28.421
2015-01-11T15:39:59.999Z 	42015.65277777717 	42.3367313 	4.3188984 	14.668000221252441 	1509.199951171875 	38.075199127197266 	4.635519981384277 	28.4196
2015-01-11T15:44:59.999Z 	42015.65624999939 	42.33577 	4.3181423 	14.706000328063965 	1509.300048828125 	38.0724983215332 	4.638370037078857 	28.409
2015-01-11T15:49:59.999Z 	42015.65972222161 	42.3297953 	4.3255242 	14.619000434875488 	1508.800048828125 	37.87179946899414 	4.60945987701416 	28.2734
2015-01-11T15:54:59.999Z 	42015.66319444383 	42.322548 	4.3415553 	14.611000061035156 	1508.800048828125 	37.923099517822266 	4.61230993270874 	28.3148
2015-01-11T15:59:59.999Z 	42015.666666666046 	42.3145119 	4.359076 	14.585000038146973 	1508.800048828125 	37.97760009765625 	4.616889953613281 	28.3625
2015-01-11T16:04:59.999Z 	42015.670138888265 	42.3066734 	4.376432 	14.595999717712402 	1508.800048828125 	37.95109939575195 	4.613739967346191 	28.3397
2015-01-11T16:09:59.999Z 	42015.673611110484 	42.2991823 	4.3924824 	14.597999572753906 	1508.9000244140625 	38.03150177001953 	4.622799873352051 	28.4013
2015-01-11T16:14:59.999Z 	42015.6770833327 	42.2924267 	4.4066499 	14.604000091552734 	1508.9000244140625 	38.02510070800781 	4.622690200805664 	28.3952
2015-01-11T16:19:59.999Z 	42015.68055555492 	42.290985 	4.4125143 	14.590999603271484 	1509.0 	38.06399917602539 	4.625949859619141 	28.428
2015-01-11T16:24:59.999Z 	42015.68402777714 	42.2909439 	4.4119465 	14.597999572753906 	1509.0 	38.08150100708008 	4.628799915313721 	28.4401
2015-01-11T16:29:59.999Z 	42015.68749999936 	42.2908678 	4.4120339 	14.619000434875488 	1509.0999755859375 	38.077301025390625 	4.627679824829102 	28.432
2015-01-11T16:34:59.999Z 	42015.69097222158 	42.2909127 	4.4120452 	14.623000144958496 	1509.0999755859375 	38.07870101928711 	4.627679824829102 	28.4322
2015-01-11T16:39:59.999Z 	42015.6944444438 	42.2909112 	4.4121179 	14.604000091552734 	1509.0 	38.07350158691406 	4.627779960632324 	28.4324
2015-01-11T16:44:59.999Z 	42015.69791666602 	42.2907414 	4.4119996 	14.645999908447266 	1509.0999755859375 	38.08420181274414 	4.6274800300598145 	28.4315
2015-01-11T16:49:59.999Z 	42015.701388888236 	42.2907573 	4.4120465 	14.61299991607666 	1509.0 	38.08449935913086 	4.628089904785156 	28.439
2015-01-11T16:54:59.999Z 	42015.704861110455 	42.2907873 	4.4120597 	14.61299991607666 	1509.0 	38.084598541259766 	4.627890110015869 	28.4391
2015-01-11T16:59:59.999Z 	42015.708333332674 	42.2907887 	4.4120784 	14.61299991607666 	1509.0 	38.08639907836914 	4.62962007522583 	28.4405
2015-01-11T17:04:59.999Z 	42015.71180555489 	42.2908139 	4.4121584 	14.590999603271484 	1509.0 	38.08580017089844 	4.627580165863037 	28.4449
2015-01-11T17:09:59.999Z 	42015.71527777711 	42.29077 	4.4122909 	14.605999946594238 	1509.0 	38.08269882202149 	4.6300201416015625 	28.4391
2015-01-11T17:14:59.999Z 	42015.71874999933 	42.2907479 	4.4122881 	14.61299991607666 	1509.0 	38.08369827270508 	4.629109859466553 	28.4383
2015-01-11T17:19:59.999Z 	42015.72222222155 	42.290787 	4.4122633 	14.586000442504883 	1509.0 	38.087299346923835 	4.628389835357666 	28.4472
2015-01-11T17:24:59.999Z 	42015.72569444377 	42.2908625 	4.4122137 	14.590999603271484 	1509.0 	38.08610153198242 	4.627679824829102 	28.4452
2015-01-11T17:29:59.999Z 	42015.72916666599 	42.2908626 	4.412214 	14.593000411987305 	1509.0 	38.087398529052734 	4.628190040588379 	28.4457
2015-01-11T17:34:59.999Z 	42015.73263888821 	42.2908284 	4.4122931 	14.623000144958496 	1509.0999755859375 	38.08480072021484 	4.629010200500488 	28.437
2015-01-11T17:39:59.999Z 	42015.736111110426 	42.2909106 	4.4121458 	14.586999893188477 	1509.0 	38.08599853515625 	4.627379894256592 	28.4459
2015-01-11T17:44:59.999Z 	42015.739583332645 	42.2907842 	4.4120871 	14.585000038146973 	1509.0 	38.08689880371094 	4.627989768981934 	28.447
2015-01-11T17:49:59.999Z 	42015.74305555486 	42.2907876 	4.4123395 	14.588000297546387 	1509.0 	38.08869934082031 	4.627890110015869 	28.4478
2015-01-11T17:54:59.999Z 	42015.74652777708 	42.2906919 	4.4122368 	14.602999687194824 	1509.0 	38.08570098876953 	4.625949859619141 	28.4422
2015-01-11T17:59:59.999Z 	42015.7499999993 	42.2913423 	4.4123059 	14.579000473022461 	1508.9000244140625 	38.08639907836914 	4.627270221710205 	28.448
2015-01-11T18:04:59.999Z 	42015.75347222152 	42.2942065 	4.4077929 	14.60099983215332 	1509.0 	38.08190155029297 	4.628389835357666 	28.4397
2015-01-11T18:09:59.999Z 	42015.75694444374 	42.2972448 	4.399809 	14.630999565124512 	1509.0 	38.02799987792969 	4.621469974517822 	28.3913
2015-01-11T18:14:59.999Z 	42015.76041666596 	42.3014832 	4.3924115 	14.647000312805176 	1509.0999755859375 	38.07830047607422 	4.629109859466553 	28.4266
2015-01-11T18:19:59.999Z 	42015.76388888818 	42.3050015 	4.3828478 	14.628000259399414 	1509.0999755859375 	38.07320022583008 	4.628699779510498 	28.4269
2015-01-11T18:24:59.999Z 	42015.7673611104 	42.3079106 	4.3750105 	14.621999740600586 	1508.0999755859375 	37.27669906616211 	4.544320106506348 	27.8127
2015-01-11T18:29:59.999Z 	42015.770833332615 	42.3130956 	4.3671866 	14.62600040435791 	1509.0 	37.97549819946289 	4.619229793548584 	28.3519
2015-01-11T18:34:59.999Z 	42015.774305554834 	42.3163789 	4.3604709 	14.642000198364258 	1508.800048828125 	37.798301696777344 	4.601930141448975 	28.2114
2015-01-11T18:39:59.999Z 	42015.77777777705 	42.3206314 	4.3530713 	14.663000106811523 	1509.0999755859375 	37.96569824218751 	4.622179985046387 	28.336
2015-01-11T18:44:59.999Z 	42015.78124999927 	42.3244897 	4.3453304 	14.678000450134277 	1508.199951171875 	37.14550018310547 	4.534649848937988 	27.6988
2015-01-11T18:49:59.999Z 	42015.78472222149 	42.3288188 	4.3371348 	14.699000358581543 	1509.300048828125 	38.03390121459961 	4.631549835205078 	28.3808
2015-01-11T18:54:59.999Z 	42015.78819444371 	42.3341223 	4.3279388 	14.708000183105469 	1509.300048828125 	38.01020050048828 	4.637249946594238 	28.3605
2015-01-11T18:59:59.999Z 	42015.79166666593 	42.33906 	4.3198704 	14.727999687194824 	1509.4000244140625 	38.06370162963867 	4.638879776000977 	28.3974
2015-01-11T19:04:59.999Z 	42015.79513888815 	42.3429425 	4.3121932 	14.776000022888184 	1508.5 	37.19160079956055 	4.547269821166992 	27.7128
2015-01-11T19:09:59.999Z 	42015.79861111037 	42.3464031 	4.3042372 	14.812999725341797 	1509.199951171875 	37.65449905395508 	4.596630096435547 	28.0623
2015-01-11T19:14:59.999Z 	42015.802083332586 	42.3491104 	4.2963447 	14.739999771118164 	1509.199951171875 	37.85200119018555 	4.619329929351807 	28.2311
2015-01-11T19:19:59.999Z 	42015.805555554805 	42.3535763 	4.2883948 	14.727999687194824 	1509.4000244140625 	38.0443000793457 	4.638169765472412 	28.3824
2015-01-11T19:24:59.999Z 	42015.809027777024 	42.3577003 	4.2806583 	14.692999839782715 	1508.0999755859375 	37.06079864501953 	4.529660224914551 	27.6303
2015-01-11T19:29:59.999Z 	42015.81249999924 	42.3613541 	4.2726686 	14.696000099182129 	1509.199951171875 	38.03120040893555 	4.632870197296143 	28.3795
2015-01-11T19:34:59.999Z 	42015.81597222146 	42.3655118 	4.2642067 	14.699000358581543 	1507.5999755859375 	36.63240051269531 	4.482240200042725 	27.298
2015-01-11T19:39:59.999Z 	42015.81944444368 	42.3688581 	4.2566053 	14.70300006866455 	1508.800048828125 	37.664798736572266 	4.599279880523682 	28.0946
2015-01-11T19:44:59.999Z 	42015.8229166659 	42.3721112 	4.2488727 	14.717000007629395 	1508.5 	37.33850097656249 	4.565279960632324 	27.8394
2015-01-11T19:49:59.999Z 	42015.82638888812 	42.3766214 	4.2401279 	14.727999687194824 	1508.5 	37.30849838256836 	4.563960075378418 	27.8137
2015-01-11T19:54:59.999Z 	42015.82986111034 	42.3809685 	4.2316524 	14.748000144958496 	1509.4000244140625 	38.014198303222656 	4.641630172729492 	28.3546
2015-01-11T19:59:59.999Z 	42015.83333333256 	42.3854655 	4.2228098 	14.760000228881836 	1509.300048828125 	37.888301849365234 	4.628590106964111 	28.2546
2015-01-11T20:04:59.999Z 	42015.836805554776 	42.3892208 	4.2153262 	14.77299976348877 	1508.5 	37.215301513671875 	4.557240009307861 	27.7319
2015-01-11T20:09:59.999Z 	42015.840277776995 	42.3938128 	4.2066843 	14.800999641418457 	1507.9000244140625 	36.56890106201172 	4.488949775695801 	27.2264
2015-01-11T20:14:59.999Z 	42015.843749999214 	42.3978282 	4.1989105 	14.793999671936035 	1508.9000244140625 	37.4546012878418 	4.588890075683594 	27.9121
2015-01-11T20:19:59.999Z 	42015.84722222143 	42.4020653 	4.1908339 	14.803000450134277 	1508.5 	37.13589859008789 	4.551949977874756 	27.6638
2015-01-11T20:24:59.999Z 	42015.85069444365 	42.406896 	4.1826029 	14.810999870300293 	1509.0999755859375 	37.59120178222656 	4.602640151977539 	28.0137
2015-01-11T20:29:59.999Z 	42015.85416666587 	42.4120178 	4.1742807 	14.848999977111816 	1509.4000244140625 	37.74520111083984 	4.620649814605713 	28.1243
2015-01-11T20:34:59.999Z 	42015.85763888809 	42.4175505 	4.1645801 	14.859999656677246 	1509.800048828125 	38.054100036621094 	4.657810211181641 	28.3606
2015-01-11T20:39:59.999Z 	42015.86111111031 	42.4213765 	4.154803 	14.875 	1509.199951171875 	37.50910186767578 	4.59867000579834 	27.9362
2015-01-11T20:44:59.999Z 	42015.86458333253 	42.4252492 	4.1448015 	14.90999984741211 	1509.0999755859375 	37.33549880981445 	4.582580089569092 	27.7943
2015-01-11T20:49:59.999Z 	42015.86805555475 	42.4282428 	4.1348805 	14.916999816894531 	1509.800048828125 	37.93960189819336 	4.653130054473877 	28.2591
2015-01-11T20:54:59.999Z 	42015.871527776966 	42.4314427 	4.1246563 	14.982999801635742 	1509.800048828125 	37.71720123291016 	4.633480072021484 	28.0726
2015-01-11T20:59:59.999Z 	42015.874999999185 	42.4359064 	4.1150948 	14.994999885559082 	1509.800048828125 	37.71900177001953 	4.636940002441406 	28.0713
2015-01-11T21:04:59.999Z 	42015.878472221404 	42.4402128 	4.1062402 	15.022000312805176 	1509.5999755859375 	37.42639923095703 	4.607419967651367 	27.8392
2015-01-11T21:09:59.999Z 	42015.88194444362 	42.4448256 	4.0982119 	15.041999816894531 	1510.0 	37.747501373291016 	4.642230033874512 	28.0828
2015-01-11T21:14:59.999Z 	42015.88541666584 	42.4496554 	4.0900098 	15.027000427246094 	1510.199951171875 	37.92530059814453 	4.661980152130127 	28.2236
2015-01-11T21:19:59.999Z 	42015.88888888806 	42.4548215 	4.0803753 	15.027999877929688 	1509.800048828125 	37.61199951171875 	4.626959800720215 	27.9813
2015-01-11T21:24:59.999Z 	42015.89236111028 	42.4599217 	4.0704863 	15.07699966430664 	1509.800048828125 	37.52410125732422 	4.620649814605713 	27.9024
2015-01-11T21:29:59.999Z 	42015.8958333325 	42.4647196 	4.0597583 	15.163999557495117 	1510.0999755859375 	37.54460144042969 	4.632050037384033 	27.8986
2015-01-11T21:34:59.999Z 	42015.89930555472 	42.4698333 	4.0494811 	15.166000366210938 	1510.5 	37.8025016784668 	4.661680221557617 	28.0972
2015-01-11T21:39:59.999Z 	42015.90277777694 	42.4740949 	4.0395055 	15.22700023651123 	1510.9000244140625 	38.00790023803711 	4.686309814453125 	28.2419
2015-01-11T21:44:59.999Z 	42015.906249999156 	42.4780499 	4.0289763 	15.222000122070312 	1510.699951171875 	37.90010070800781 	4.677249908447266 	28.1599
2015-01-11T21:49:59.999Z 	42015.909722221375 	42.4826078 	4.0182924 	15.182000160217285 	1510.699951171875 	37.95669937133789 	4.680920124053955 	28.2126
2015-01-11T21:54:59.999Z 	42015.913194443594 	42.4872397 	4.007338 	15.178000450134277 	1510.300048828125 	37.660099029541016 	4.647630214691162 	27.9847
2015-01-11T21:59:59.999Z 	42015.91666666581 	42.4921544 	3.9959227000000004 	15.102999687194824 	1510.5 	38.03519821166992 	4.683259963989258 	28.291
2015-01-11T22:04:59.999Z 	42015.92013888803 	42.4973763 	3.9843396 	14.713000297546387 	1509.300048828125 	37.98870086669922 	4.640610218048096 	28.3427
2015-01-11T22:09:59.999Z 	42015.92361111025 	42.5028036 	3.9738496000000003 	14.631999969482422 	1509.0 	37.976600646972656 	4.625339984893799 	28.3515
2015-01-11T22:14:59.999Z 	42015.92708333247 	42.5081846 	3.9632897999999996 	14.586000442504883 	1508.800048828125 	37.95500183105469 	4.614960193634033 	28.3448
2015-01-11T22:19:59.999Z 	42015.93055555469 	42.5138407 	3.9524513 	14.562999725341797 	1508.5 	37.74409866333008 	4.592559814453125 	28.1869
2015-01-11T22:24:59.999Z 	42015.93402777691 	42.519583 	3.9423582 	14.574999809265137 	1508.5 	37.71160125732422 	4.590419769287109 	28.1593
2015-01-11T22:29:59.999Z 	42015.93749999913 	42.5260997 	3.9311302999999995 	14.585000038146973 	1508.4000244140625 	37.63420104980469 	4.58390998840332 	28.097
2015-01-11T22:34:59.999Z 	42015.940972221346 	42.5313573 	3.9210355999999997 	14.574000358581543 	1508.5 	37.75870132446289 	4.596330165863037 	28.1958
2015-01-11T22:39:59.999Z 	42015.944444443565 	42.5353041 	3.9116602000000005 	14.555999755859375 	1508.5 	37.74879837036133 	4.594089984893799 	28.1922
2015-01-11T22:44:59.999Z 	42015.947916665784 	42.540068 	3.9021258000000003 	14.560999870300293 	1508.5 	37.730201721191406 	4.590829849243164 	28.1766
2015-01-11T22:49:59.999Z 	42015.951388888 	42.5447278 	3.8931849000000005 	14.531000137329102 	1508.4000244140625 	37.783199310302734 	4.594900131225586 	28.2242
2015-01-11T22:54:59.999Z 	42015.95486111022 	42.5492152 	3.8842095 	14.522000312805176 	1508.4000244140625 	37.75419998168945 	4.589509963989258 	28.2039
2015-01-11T22:59:59.999Z 	42015.95833333244 	42.5540529 	3.8750978 	14.501999855041504 	1508.300048828125 	37.777198791503906 	4.5918498039245605 	28.2259
2015-01-11T23:04:59.999Z 	42015.96180555466 	42.5588773 	3.8658336000000006 	14.539999961853027 	1508.5 	37.830101013183594 	4.599180221557617 	28.2586
2015-01-11T23:09:59.999Z 	42015.96527777688 	42.563469 	3.8565701 	14.57699966430664 	1508.5999755859375 	37.81919860839844 	4.600910186767578 	28.2418
2015-01-11T23:14:59.999Z 	42015.9687499991 	42.5677874 	3.847306 	14.527999877929688 	1508.5 	37.82500076293945 	4.599790096282959 	28.2572
2015-01-11T23:19:59.999Z 	42015.97222222132 	42.5721819 	3.8377599000000004 	14.538999557495117 	1508.5 	37.85580062866211 	4.602029800415039 	28.2786
2015-01-11T23:24:59.999Z 	42015.975694443536 	42.5764778 	3.8285621 	14.5600004196167 	1508.5999755859375 	37.88199996948242 	4.6079301834106445 	28.2942
2015-01-11T23:29:59.999Z 	42015.979166665755 	42.5807307 	3.819043 	14.550999641418457 	1508.699951171875 	37.91590118408203 	4.610579967498779 	28.3224
2015-01-11T23:34:59.999Z 	42015.982638887974 	42.5852881 	3.8099577999999994 	14.541000366210938 	1508.5999755859375 	37.92110061645508 	4.608950138092041 	28.3287
2015-01-11T23:39:59.999Z 	42015.98611111019 	42.5900353 	3.8010262000000004 	14.508000373840332 	1508.5 	37.930198669433594 	4.607530117034912 	28.343
2015-01-11T23:44:59.999Z 	42015.98958333241 	42.5946633 	3.7916816000000004 	14.45300006866455 	1508.4000244140625 	37.9297981262207 	4.601419925689697 	28.3548
2015-01-11T23:49:59.999Z 	42015.99305555463 	42.5991223 	3.7816934 	14.505999565124512 	1508.5 	37.93399810791016 	4.606919765472412 	28.3462
2015-01-11T23:54:59.999Z 	42015.99652777685 	42.6039618 	3.7720617 	14.51200008392334 	1508.5 	37.93280029296875 	4.6090497970581055 	28.344
2015-01-11T23:59:59.999Z 	42015.99999999907 	42.6089318 	3.7618048 	14.49899959564209 	1508.5 	37.93579864501953 	4.608139991760254 	28.3492
2015-01-12T00:04:59.999Z 	42016.00347222129 	42.6137692 	3.7515541999999997 					
