time 	latitude 	longitude 	water temperature 	water sound speed 	water salinity 	water conductivity 	anomaly of water mass density
2015-01-18T00:00:00.000Z 	42022.0 	42.7517709 	6.8334863 	14.513999938964844 	1507.4000244140625 	38.11819839477539 	4.579850196838379 	28.5787
2015-01-18T00:04:59.999Z 	42022.00347222222 	42.7517618 	6.8334243 	14.510000228881836 	1507.5 	38.11949920654297 	4.579539775848389 	28.579
2015-01-18T00:09:59.999Z 	42022.00694444444 	42.7517781 	6.833434 	14.51099967956543 	1507.4000244140625 	38.119998931884766 	4.579740047454834 	28.5802
2015-01-18T00:14:59.999Z 	42022.01041666666 	42.7517807 	6.8334716 	14.515000343322754 	1507.5 	38.11750030517578 	4.579850196838379 	28.5764
2015-01-18T00:19:59.999Z 	42022.013888888876 	42.7517606 	6.8334288 	14.513999938964844 	1507.5 	38.1171989440918 	4.579740047454834 	28.5763
2015-01-18T00:24:59.999Z 	42022.017361111095 	42.7517979 	6.8334494 	14.512999534606934 	1507.5 	38.11859893798828 	4.579740047454834 	28.5782
2015-01-18T00:29:59.999Z 	42022.020833333314 	42.7517725 	6.8334523 	14.513999938964844 	1507.4000244140625 	38.11790084838867 	4.579740047454834 	28.5781
2015-01-18T00:34:59.999Z 	42022.02430555553 	42.7517706 	6.8334323 	14.513999938964844 	1507.5 	38.117000579833984 	4.579639911651611 	28.5768
2015-01-18T00:39:59.999Z 	42022.02777777775 	42.7517802 	6.8335264 	14.520000457763672 	1507.5 	38.11650085449219 	4.580249786376953 	28.576
2015-01-18T00:44:59.999Z 	42022.03124999997 	42.7517881 	6.8334624 	14.510000228881836 	1507.4000244140625 	38.11759948730469 	4.579339981079102 	28.5792
2015-01-18T00:49:59.999Z 	42022.03472222219 	42.7517859 	6.8334636 	14.505999565124512 	1507.5 	38.11790084838867 	4.578929901123047 	28.5777
2015-01-18T00:54:59.999Z 	42022.03819444441 	42.7517593 	6.8334506 	14.506999969482422 	1507.4000244140625 	38.11650085449219 	4.578929901123047 	28.5775
2015-01-18T00:59:59.999Z 	42022.04166666663 	42.7517488 	6.8334497 	14.515000343322754 	1507.5 	38.116600036621094 	4.579740047454834 	28.5759
2015-01-18T01:04:59.999Z 	42022.04513888885 	42.7517406 	6.8334422 	14.505000114440918 	1507.4000244140625 	38.11640167236328 	4.578629970550537 	28.5777
2015-01-18T01:09:59.999Z 	42022.048611111066 	42.7517561 	6.8334406 	14.506999969482422 	1507.4000244140625 	38.11650085449219 	4.578929901123047 	28.5778
2015-01-18T01:14:59.999Z 	42022.052083333285 	42.7517528 	6.8334392 	14.508999824523926 	1507.4000244140625 	38.11640167236328 	4.579130172729492 	28.5777
2015-01-18T01:19:59.999Z 	42022.055555555504 	42.7517717 	6.8334811 	14.51099967956543 	1507.5 	38.11709976196289 	4.579440116882324 	28.577
2015-01-18T01:24:59.999Z 	42022.05902777772 	42.7517797 	6.8334763 	14.508999824523926 	1507.4000244140625 	38.1161003112793 	4.5790300369262695 	28.5769
2015-01-18T01:29:59.999Z 	42022.06249999994 	42.7517485 	6.8334523 	14.501999855041504 	1507.4000244140625 	38.1172981262207 	4.578420162200928 	28.5793
2015-01-18T01:34:59.999Z 	42022.06597222216 	42.7517771 	6.8334696 	14.503000259399414 	1507.4000244140625 	38.116798400878906 	4.578519821166992 	28.5781
2015-01-18T01:39:59.999Z 	42022.06944444438 	42.7522551 	6.833958 	14.503000259399414 	1507.4000244140625 	38.117801666259766 	4.578629970550537 	28.5784
2015-01-18T01:44:59.999Z 	42022.0729166666 	42.7538951 	6.833273 	14.517999649047852 	1507.5 	38.1150016784668 	4.579949855804443 	28.5737
2015-01-18T01:49:59.999Z 	42022.07638888882 	42.7520786 	6.8268082 	14.529999732971191 	1507.5 	38.11349868774414 	4.58096981048584 	28.5692
2015-01-18T01:54:59.999Z 	42022.07986111104 	42.7499214 	6.8191243 	14.536999702453613 	1507.5 	38.11259841918945 	4.581679821014404 	28.5681
2015-01-18T01:59:59.999Z 	42022.083333333256 	42.7468989 	6.8117419 	14.527000427246094 	1507.5 	38.114398956298835 	4.5807600021362305 	28.5714
2015-01-18T02:04:59.999Z 	42022.086805555475 	42.7424172 	6.8053576 	14.491000175476074 	1507.4000244140625 	38.12070083618164 	4.577610015869141 	28.5864
2015-01-18T02:09:59.999Z 	42022.090277777694 	42.7369269 	6.8013635 	14.439000129699707 	1507.199951171875 	38.127899169921875 	4.572929859161377 	28.6028
2015-01-18T02:14:59.999Z 	42022.09374999991 	42.7315559 	6.7996096 	14.380999565124512 	1507.0 	38.13470077514649 	4.567530155181885 	28.6223
2015-01-18T02:19:59.999Z 	42022.09722222213 	42.7260838 	6.7988252 	14.331000328063965 	1506.800048828125 	38.143699645996094 	4.563260078430176 	28.6404
2015-01-18T02:24:59.999Z 	42022.10069444435 	42.7207737 	6.7992494 	14.265000343322754 	1506.699951171875 	38.154399871826165 	4.557459831237793 	28.6617
2015-01-18T02:29:59.999Z 	42022.10416666657 	42.7159722 	6.8007995 	14.25100040435791 	1506.5999755859375 	38.15679931640625 	4.556240081787109 	28.665
2015-01-18T02:34:59.999Z 	42022.10763888879 	42.711509 	6.8033939 	14.234999656677246 	1506.5999755859375 	38.15840148925781 	4.5547099113464355 	28.6718
2015-01-18T02:39:59.999Z 	42022.11111111101 	42.707248 	6.8066633 	14.1899995803833 	1506.4000244140625 	38.16559982299805 	4.550739765167236 	28.6863
2015-01-18T02:44:59.999Z 	42022.11458333323 	42.703065 	6.8103029 	14.152000427246094 	1506.300048828125 	38.17219924926758 	4.547379970550537 	28.6993
2015-01-18T02:49:59.999Z 	42022.118055555446 	42.6987908 	6.814094 	14.125 	1506.300048828125 	38.176700592041016 	4.545040130615234 	28.7082
2015-01-18T02:54:59.999Z 	42022.121527777665 	42.694689 	6.818087 	14.072999954223633 	1506.0999755859375 	38.18610000610351 	4.54056978225708 	28.7261
2015-01-18T02:59:59.999Z 	42022.12499999988 	42.690487 	6.8221477 	14.050999641418457 	1506.0 	38.19110107421875 	4.538730144500732 	28.7373
2015-01-18T03:04:59.999Z 	42022.1284722221 	42.6862888 	6.8261017 	14.019000053405762 	1505.9000244140625 	38.195701599121094 	4.535880088806152 	28.7466
2015-01-18T03:09:59.999Z 	42022.13194444432 	42.682061 	6.8299784 	14.00100040435791 	1505.9000244140625 	38.19850158691406 	4.534259796142578 	28.7524
2015-01-18T03:14:59.999Z 	42022.13541666654 	42.6777664 	6.8338914 	13.958999633789062 	1505.699951171875 	38.20520019531249 	4.530590057373047 	28.7677
2015-01-18T03:19:59.999Z 	42022.13888888876 	42.6733554 	6.8376233 	13.916000366210938 	1505.5999755859375 	38.216899871826165 	4.527239799499512 	28.7835
2015-01-18T03:24:59.999Z 	42022.14236111098 	42.6688444 	6.8414148 	13.892000198364258 	1505.5999755859375 	38.22639846801758 	4.525710105895996 	28.7957
2015-01-18T03:29:59.999Z 	42022.1458333332 	42.663023 	6.8450249 	13.885000228881836 	1505.5 	38.226898193359375 	4.525100231170654 	28.7981
2015-01-18T03:34:59.999Z 	42022.14930555542 	42.6558603 	6.8487055 	13.85200023651123 	1505.5 	38.23270034790039 	4.522150039672852 	28.8079
2015-01-18T03:39:59.999Z 	42022.152777777635 	42.6505246 	6.8510248 	13.829999923706055 	1505.4000244140625 	38.243900299072266 	4.521029949188232 	28.8238
2015-01-18T03:44:59.999Z 	42022.156249999854 	42.6461705 	6.8524789 	13.802000045776367 	1505.300048828125 	38.24530029296875 	4.518280029296875 	28.8291
2015-01-18T03:49:59.999Z 	42022.15972222207 	42.6416759 	6.8519473 	13.791000366210938 	1505.300048828125 	38.25559997558594 	4.518179893493652 	28.8408
2015-01-18T03:54:59.999Z 	42022.16319444429 	42.6377887 	6.8484271 	13.78600025177002 	1505.300048828125 	38.27119827270508 	4.5192999839782715 	28.8494
2015-01-18T03:59:59.999Z 	42022.16666666651 	42.6394586 	6.8452302 	13.779999732971191 	1505.300048828125 	38.263301849365234 	4.51786994934082 	28.8475
2015-01-18T04:04:59.999Z 	42022.17013888873 	42.6424243 	6.8368742 	13.79699993133545 	1505.300048828125 	38.249298095703125 	4.518179893493652 	28.833
2015-01-18T04:09:59.999Z 	42022.17361111095 	42.6493026 	6.8289505 	13.843000411987305 	1505.5 	38.230201721191406 	4.52092981338501 	28.8059
2015-01-18T04:14:59.999Z 	42022.17708333317 	42.6568745 	6.8221449 	13.880000114440918 	1505.5 	38.225799560546875 	4.52439022064209 	28.7969
2015-01-18T04:19:59.999Z 	42022.18055555539 	42.664607 	6.815887 	13.906999588012695 	1505.5999755859375 	38.214500427246094 	4.526010036468506 	28.7818
2015-01-18T04:24:59.999Z 	42022.18402777761 	42.672245 	6.808094 	13.968999862670898 	1505.800048828125 	38.198001861572266 	4.530799865722656 	28.7552
2015-01-18T04:29:59.999Z 	42022.187499999825 	42.6800297 	6.7994259 	14.026000022888184 	1506.0 	38.19060134887695 	4.536089897155762 	28.7388
2015-01-18T04:34:59.999Z 	42022.190972222044 	42.6882027 	6.7896751 	14.102999687194824 	1506.199951171875 	38.17599868774414 	4.542600154876709 	28.708
2015-01-18T04:39:59.999Z 	42022.19444444426 	42.6970744 	6.7787329 	14.20199966430664 	1506.5 	38.15919876098633 	4.551249980926514 	28.6741
2015-01-18T04:44:59.999Z 	42022.19791666648 	42.7063175 	6.7678347 	14.274999618530273 	1506.800048828125 	38.14849853515625 	4.557859897613525 	28.6499
2015-01-18T04:49:59.999Z 	42022.2013888887 	42.7159805 	6.7575423 	14.3100004196167 	1506.9000244140625 	38.137699127197266 	4.560410022735596 	28.632
2015-01-18T04:54:59.999Z 	42022.20486111092 	42.7257287 	6.7467923 	14.437000274658203 	1507.300048828125 	38.11880111694336 	4.571809768676758 	28.5897
2015-01-18T04:59:59.999Z 	42022.20833333314 	42.7356584 	6.7362828 	14.5600004196167 	1507.699951171875 	38.10319900512695 	4.583099842071533 	28.5511
2015-01-18T05:04:59.999Z 	42022.21180555536 	42.7455631 	6.726197 	14.637999534606934 	1507.9000244140625 	38.0973014831543 	4.590630054473877 	28.532
2015-01-18T05:09:59.999Z 	42022.21527777758 	42.7556722 	6.7159657 	14.687000274658203 	1508.0 	38.09230041503906 	4.595320224761963 	28.5159
2015-01-18T05:14:59.999Z 	42022.218749999796 	42.7657023 	6.7055498 	14.732000350952148 	1508.199951171875 	38.086700439453125 	4.599490165710449 	28.5024
2015-01-18T05:19:59.999Z 	42022.222222222015 	42.7754887 	6.6949355 	14.774999618530273 	1508.300048828125 	38.083099365234375 	4.6036601066589355 	28.4902
2015-01-18T05:24:59.999Z 	42022.225694444234 	42.7852315 	6.6842677 	14.833999633789062 	1508.5 	38.08000183105469 	4.609560012817383 	28.4764
2015-01-18T05:29:59.999Z 	42022.22916666645 	42.7949021 	6.6735393 	14.88700008392334 	1508.699951171875 	38.07170104980469 	4.614250183105469 	28.4558
2015-01-18T05:34:59.999Z 	42022.23263888867 	42.8046871 	6.6629723 	14.954999923706055 	1508.800048828125 	38.06359863281249 	4.620560169219971 	28.4359
2015-01-18T05:39:59.999Z 	42022.23611111089 	42.8145263 	6.652302 	15.022000312805176 	1509.0999755859375 	38.05720138549805 	4.626969814300537 	28.4134
2015-01-18T05:44:59.999Z 	42022.23958333311 	42.8246296 	6.6414756 	15.090999603271484 	1509.300048828125 	38.05039978027344 	4.633480072021484 	28.3947
2015-01-18T05:49:59.999Z 	42022.24305555533 	42.8346806 	6.631016 	15.135000228881836 	1509.4000244140625 	38.048198699951165 	4.63785982131958 	28.3839
2015-01-18T05:54:59.999Z 	42022.24652777755 	42.8448798 	6.6206075 	15.154999732971191 	1509.5 	38.04650115966797 	4.639790058135986 	28.3778
2015-01-18T05:59:59.999Z 	42022.24999999977 	42.8552248 	6.6100291 	15.154000282287598 	1509.4000244140625 	38.0452995300293 	4.639589786529541 	28.3778
2015-01-18T06:04:59.999Z 	42022.253472221986 	42.8658409 	6.5996421 	15.1850004196167 	1509.5 	38.04209899902344 	4.642539978027344 	28.3672
2015-01-18T06:09:59.999Z 	42022.256944444205 	42.8760095 	6.5888443 	15.192000389099121 	1509.5 	38.043800354003906 	4.643459796905518 	28.3691
2015-01-18T06:14:59.999Z 	42022.260416666424 	42.8858804 	6.5775038 	15.175999641418457 	1509.5 	38.0452995300293 	4.641930103302002 	28.373
2015-01-18T06:19:59.999Z 	42022.26388888864 	42.8958891 	6.5661224 	15.175000190734863 	1509.5 	38.046001434326165 	4.641930103302002 	28.3742
2015-01-18T06:24:59.999Z 	42022.26736111086 	42.9057866 	6.5548205 	15.222000122070312 	1509.699951171875 	38.02920150756836 	4.645090103149414 	28.3432
2015-01-18T06:29:59.999Z 	42022.27083333308 	42.9161186 	6.5441207 	15.381999969482422 	1510.199951171875 	38.02009963989258 	4.660970211029053 	28.3021
2015-01-18T06:34:59.999Z 	42022.2743055553 	42.9265831 	6.533507 	15.520999908447266 	1510.5999755859375 	38.00910186767578 	4.674499988555908 	28.2635
2015-01-18T06:39:59.999Z 	42022.27777777752 	42.9367507 	6.5228138 	15.62399959564209 	1510.9000244140625 	38.00320053100586 	4.684790134429932 	28.2358
2015-01-18T06:44:59.999Z 	42022.28124999974 	42.9459213 	6.5160567 	15.682999610900879 	1511.0999755859375 	37.999298095703125 	4.690690040588379 	28.2203
2015-01-18T06:49:59.999Z 	42022.28472222196 	42.9545413 	6.5155462 	15.711999893188477 	1511.0999755859375 	37.9984016418457 	4.693640232086182 	28.2141
2015-01-18T06:54:59.999Z 	42022.288194444176 	42.9617074 	6.5201324 	15.723999977111816 	1511.199951171875 	37.99729919433594 	4.694759845733643 	28.2114
2015-01-18T06:59:59.999Z 	42022.291666666395 	42.9660348 	6.5285375 	15.723999977111816 	1511.199951171875 	37.998199462890625 	4.694859981536865 	28.2105
2015-01-18T07:04:59.999Z 	42022.295138888614 	42.9660259 	6.5392205 	15.717000007629395 	1511.0999755859375 	37.999298095703125 	4.694250106811523 	28.2154
2015-01-18T07:09:59.999Z 	42022.29861111083 	42.9610713 	6.5482143 	15.706000328063965 	1511.0999755859375 	37.999698638916016 	4.693130016326904 	28.2197
2015-01-18T07:14:59.999Z 	42022.30208333305 	42.9547992 	6.5563146 	15.670000076293945 	1511.0 	38.00170135498047 	4.68956995010376 	28.2267
2015-01-18T07:19:59.999Z 	42022.30555555527 	42.9476881 	6.5661708 	15.63599967956543 	1510.9000244140625 	38.00239944458008 	4.686009883880615 	28.2346
2015-01-18T07:24:59.999Z 	42022.30902777749 	42.9383872 	6.5765066 	15.60099983215332 	1510.800048828125 	38.00569915771484 	4.682650089263916 	28.2476
2015-01-18T07:29:59.999Z 	42022.31249999971 	42.9288439 	6.5866909 	15.560999870300293 	1510.5999755859375 	38.007999420166016 	4.678679943084717 	28.2593
2015-01-18T07:34:59.999Z 	42022.31597222193 	42.9191732 	6.5974645 	15.51200008392334 	1510.5 	38.01340103149414 	4.674099922180176 	28.2736
2015-01-18T07:39:59.999Z 	42022.31944444415 	42.9091746 	6.6076888 	15.468000411987305 	1510.4000244140625 	38.0161018371582 	4.66972017288208 	28.2854
2015-01-18T07:44:59.999Z 	42022.322916666366 	42.8993572 	6.6179531 	15.42300033569336 	1510.199951171875 	38.019100189208984 	4.6652398109436035 	28.2988
2015-01-18T07:49:59.999Z 	42022.326388888585 	42.8895727 	6.6284895 	15.366000175476074 	1510.0 	38.023399353027344 	4.659639835357666 	28.3176
2015-01-18T07:54:59.999Z 	42022.329861110804 	42.8796901 	6.6391553 	15.289999961853027 	1509.800048828125 	38.030799865722656 	4.6524200439453125 	28.3375
2015-01-18T07:59:59.999Z 	42022.33333333302 	42.8697811 	6.6495791 	15.25 	1509.699951171875 	38.033199310302734 	4.648449897766113 	28.3492
2015-01-18T08:04:59.999Z 	42022.33680555524 	42.859905 	6.6598713 	15.145999908447266 	1509.4000244140625 	38.04610061645508 	4.638879776000977 	28.3835
2015-01-18T08:09:59.999Z 	42022.34027777746 	42.8498899 	6.670415 	15.116999626159668 	1509.300048828125 	38.04629898071289 	4.635819911956787 	28.3878
2015-01-18T08:14:59.999Z 	42022.34374999968 	42.8399776 	6.6809748 	15.11400032043457 	1509.300048828125 	38.04690170288086 	4.635519981384277 	28.3882
2015-01-18T08:19:59.999Z 	42022.3472222219 	42.8301126 	6.69142 	15.128000259399414 	1509.4000244140625 	38.044898986816406 	4.636839866638184 	28.3829
2015-01-18T08:24:59.999Z 	42022.35069444412 	42.8201308 	6.7020227 	15.09000015258789 	1509.199951171875 	38.049198150634766 	4.633279800415039 	28.4008
2015-01-18T08:29:59.999Z 	42022.35416666634 	42.8101104 	6.7126961 	15.003000259399414 	1508.800048828125 	38.056400299072266 	4.6248297691345215 	28.4332
2015-01-18T08:34:59.999Z 	42022.357638888556 	42.800359 	6.7235238 	14.852999687194824 	1508.5 	38.07740020751953 	4.611189842224121 	28.4731
2015-01-18T08:39:59.999Z 	42022.361111110775 	42.7902617 	6.73425 	14.829999923706055 	1508.4000244140625 	38.0791015625 	4.608950138092041 	28.4804
2015-01-18T08:44:59.999Z 	42022.364583332994 	42.7800716 	6.7449988 	14.755999565124512 	1508.199951171875 	38.08430099487305 	4.601729869842529 	28.5008
2015-01-18T08:49:59.999Z 	42022.36805555521 	42.7699445 	6.7557742 	14.682000160217285 	1507.9000244140625 	38.091400146484375 	4.594709873199463 	28.5225
2015-01-18T08:54:59.999Z 	42022.37152777743 	42.7597813 	6.766486 	14.60099983215332 	1507.699951171875 	38.09659957885742 	4.586659908294678 	28.5453
2015-01-18T08:59:59.999Z 	42022.37499999965 	42.7496448 	6.7772915 	14.562000274658203 	1507.5999755859375 	38.1077995300293 	4.58381986618042 	28.56
2015-01-18T09:04:59.999Z 	42022.37847222187 	42.7396973 	6.7879624 	14.508000373840332 	1507.4000244140625 	38.114898681640625 	4.578829765319824 	28.5785
2015-01-18T09:09:59.999Z 	42022.38194444409 	42.7298866 	6.7985136 	14.442000389099121 	1507.199951171875 	38.122501373291016 	4.572720050811768 	28.6004
2015-01-18T09:14:59.999Z 	42022.38541666631 	42.7200699 	6.8091057 	14.350000381469727 	1506.9000244140625 	38.13359832763672 	4.564169883728027 	28.6294
2015-01-18T09:19:59.999Z 	42022.38888888853 	42.7102142 	6.8194775 	14.196000099182129 	1506.4000244140625 	38.157100677490234 	4.550439834594727 	28.6823
2015-01-18T09:24:59.999Z 	42022.392361110746 	42.7005977 	6.829954 	14.088000297546387 	1506.0999755859375 	38.179100036621094 	4.541379928588867 	28.7206
2015-01-18T09:29:59.999Z 	42022.395833332965 	42.6905568 	6.8405466 	13.994000434875488 	1505.800048828125 	38.195899963378906 	4.533239841461182 	28.7565
2015-01-18T09:34:59.999Z 	42022.399305555184 	42.6804845 	6.8510235 	13.906000137329102 	1505.5 	38.21609878540039 	4.526120185852051 	28.788
2015-01-18T09:39:59.999Z 	42022.4027777774 	42.6706784 	6.8613448 	13.847000122070312 	1505.4000244140625 	38.231098175048835 	4.52154016494751 	28.811
2015-01-18T09:44:59.999Z 	42022.40624999962 	42.660826 	6.8715878 	13.819999694824219 	1505.300048828125 	38.24409866333008 	4.520009994506836 	28.8267
2015-01-18T09:49:59.999Z 	42022.40972222184 	42.6510315 	6.8819161 	13.883000373840332 	1505.5999755859375 	38.22800064086914 	4.525000095367432 	28.7977
2015-01-18T09:54:59.999Z 	42022.41319444406 	42.6413663 	6.8923276 	13.850000381469727 	1505.300048828125 	38.20899963378906 	4.519499778747559 	28.7955
2015-01-18T09:59:59.999Z 	42022.41666666628 	42.6321327 	6.9028374 	13.9350004196167 	1505.800048828125 	38.19150161743164 	4.526619911193848 	28.7528
2015-01-18T10:04:59.999Z 	42022.4201388885 	42.6233398 	6.9124853 	14.067999839782715 	1506.0999755859375 	38.16400146484375 	4.537720203399658 	28.7063
2015-01-18T10:09:59.999Z 	42022.42361111072 	42.6182536 	6.9208149 	14.098999977111816 	1506.199951171875 	38.16279983520508 	4.540770053863525 	28.7016
2015-01-18T10:14:59.999Z 	42022.427083332936 	42.6172351 	6.9317137 	14.166999816894531 	1506.4000244140625 	38.149898529052734 	4.54656982421875 	28.6774
2015-01-18T10:19:59.999Z 	42022.430555555155 	42.6206758 	6.9424315 	14.154999732971191 	1506.300048828125 	38.15530014038086 	4.545959949493408 	28.6839
2015-01-18T10:24:59.999Z 	42022.43402777737 	42.6276027 	6.9496632 	14.145000457763672 	1506.300048828125 	38.158100128173835 	4.545139789581299 	28.6891
2015-01-18T10:29:59.999Z 	42022.43749999959 	42.6359667 	6.9522526 	14.137999534606934 	1506.300048828125 	38.15739822387695 	4.54433012008667 	28.6914
2015-01-18T10:34:59.999Z 	42022.44097222181 	42.6441531 	6.9484473 	14.119999885559082 	1506.199951171875 	38.16709899902344 	4.543519973754883 	28.7039
2015-01-18T10:39:59.999Z 	42022.44444444403 	42.6512254 	6.9392213 	14.083999633789062 	1506.0999755859375 	38.175899505615234 	4.540669918060303 	28.7161
2015-01-18T10:44:59.999Z 	42022.44791666625 	42.6596751 	6.9289134 	14.079999923706055 	1506.0999755859375 	38.17430114746094 	4.540060043334961 	28.7156
2015-01-18T10:49:59.999Z 	42022.45138888847 	42.6693833 	6.9174407 	14.022000312805176 	1505.800048828125 	38.17850112915039 	4.534359931945801 	28.7364
2015-01-18T10:54:59.999Z 	42022.45486111069 	42.6792732 	6.9066069 	13.967000007629395 	1505.800048828125 	38.20520019531249 	4.531410217285156 	28.7648
2015-01-18T10:59:59.999Z 	42022.45833333291 	42.6888746 	6.8959168 	13.845999717712402 	1505.4000244140625 	38.234500885009766 	4.521739959716797 	28.813
2015-01-18T11:04:59.999Z 	42022.461805555125 	42.6987395 	6.8857213 	13.920000076293945 	1505.699951171875 	38.20600128173828 	4.526519775390625 	28.7717
2015-01-18T11:09:59.999Z 	42022.465277777344 	42.7084844 	6.8754501 	13.996000289916992 	1505.9000244140625 	38.191898345947266 	4.5330400466918945 	28.7454
2015-01-18T11:14:59.999Z 	42022.46874999956 	42.7181359 	6.8650419 	14.093999862670898 	1506.199951171875 	38.171600341796875 	4.54118013381958 	28.7065
2015-01-18T11:19:59.999Z 	42022.47222222178 	42.7275895 	6.8544383 	14.234999656677246 	1506.5999755859375 	38.1515007019043 	4.553899765014648 	28.6613
2015-01-18T11:24:59.999Z 	42022.475694444 	42.73719 	6.8437009 	14.300000190734863 	1506.800048828125 	38.1442985534668 	4.559999942779541 	28.643
2015-01-18T11:29:59.999Z 	42022.47916666622 	42.7469302 	6.8331922 	14.385000228881836 	1507.0999755859375 	38.131500244140625 	4.567629814147949 	28.6137
2015-01-18T11:34:59.999Z 	42022.48263888844 	42.7569257 	6.8228704 	14.487000465393066 	1507.4000244140625 	38.111698150634766 	4.576280117034912 	28.5751
2015-01-18T11:39:59.999Z 	42022.48611111066 	42.7670739 	6.812458 	14.597000122070312 	1507.699951171875 	38.10459899902344 	4.587069988250732 	28.5476
2015-01-18T11:44:59.999Z 	42022.48958333288 	42.7770232 	6.8018558 	14.597000122070312 	1507.699951171875 	38.10649871826172 	4.587279796600342 	28.5506
2015-01-18T11:49:59.999Z 	42022.493055555096 	42.7865963 	6.7913651 	14.781999588012695 	1508.4000244140625 	38.07820129394531 	4.603859901428223 	28.4799
2015-01-18T11:54:59.999Z 	42022.496527777315 	42.7967126 	6.7807792 	14.925000190734863 	1508.800048828125 	38.067100524902344 	4.617710113525391 	28.4432
2015-01-18T11:59:59.999Z 	42022.499999999534 	42.8069173 	6.7703697 	15.015000343322754 	1509.0999755859375 	38.061798095703125 	4.626659870147705 	28.4188
2015-01-18T12:04:59.999Z 	42022.50347222175 	42.816907 	6.7601257 	15.114999771118164 	1509.300048828125 	38.050201416015625 	4.636030197143555 	28.3891
2015-01-18T12:09:59.999Z 	42022.50694444397 	42.826917 	6.7498831 	15.185999870300293 	1509.5 	38.04449844360351 	4.642950057983398 	28.3696
2015-01-18T12:14:59.999Z 	42022.51041666619 	42.836916 	6.7393301 	15.208000183105469 	1509.5999755859375 	38.04520034790039 	4.645289897918701 	28.3669
2015-01-18T12:19:59.999Z 	42022.51388888841 	42.8468052 	6.7287206 	15.234000205993652 	1509.699951171875 	38.04309844970703 	4.6478400230407715 	28.3586
2015-01-18T12:24:59.999Z 	42022.51736111063 	42.8565369 	6.7178486 	15.307000160217285 	1509.9000244140625 	38.036399841308594 	4.654860019683838 	28.336
2015-01-18T12:29:59.999Z 	42022.52083333285 	42.8664675 	6.7070001 	15.378000259399414 	1510.199951171875 	38.03279876708984 	4.661980152130127 	28.3144
2015-01-18T12:34:59.999Z 	42022.52430555507 	42.8763469 	6.6963418 	15.493000030517578 	1510.5 	38.02349853515625 	4.673079967498779 	28.2821
2015-01-18T12:39:59.999Z 	42022.527777777286 	42.8862344 	6.6859059 	15.543999671936035 	1510.5999755859375 	38.02000045776367 	4.678170204162598 	28.27
2015-01-18T12:44:59.999Z 	42022.531249999505 	42.8963838 	6.6753364 	15.595999717712402 	1510.800048828125 	38.01499938964844 	4.683159828186035 	28.2518
2015-01-18T12:49:59.999Z 	42022.534722221724 	42.9066179 	6.6646994 	15.659000396728516 	1511.0 	38.01139831542969 	4.689469814300537 	28.2367
2015-01-18T12:54:59.999Z 	42022.53819444394 	42.9166632 	6.6542174 	15.704000473022461 	1511.0999755859375 	38.00910186767578 	4.693950176239014 	28.2257
2015-01-18T12:59:59.999Z 	42022.54166666616 	42.9268312 	6.643625 	15.753999710083008 	1511.300048828125 	38.00709915161133 	4.699039936065674 	28.2113
2015-01-18T13:04:59.999Z 	42022.54513888838 	42.9370419 	6.6329631 	15.793999671936035 	1511.4000244140625 	38.00569915771484 	4.703110218048096 	28.2028
2015-01-18T13:09:59.999Z 	42022.5486111106 	42.9470591 	6.6225716 	15.8100004196167 	1511.4000244140625 	38.004398345947266 	4.704639911651611 	28.1986
2015-01-18T13:14:59.999Z 	42022.55208333282 	42.9572944 	6.6127844 	15.812999725341797 	1511.4000244140625 	38.002899169921875 	4.704840183258057 	28.1968
2015-01-18T13:19:59.999Z 	42022.55555555504 	42.9667905 	6.6085514 	15.815999984741211 	1511.5 	38.00149917602539 	4.705049991607666 	28.1942
2015-01-18T13:24:59.999Z 	42022.55902777726 	42.97402 	6.6122921 	15.8149995803833 	1511.4000244140625 	38.00279998779297 	4.705049991607666 	28.1991
2015-01-18T13:29:59.999Z 	42022.562499999476 	42.9786064 	6.6203966 	15.782999992370605 	1511.300048828125 	37.997798919677734 	4.7010698318481445 	28.2003
2015-01-18T13:34:59.999Z 	42022.565972221695 	42.9797878 	6.6302452 	15.784000396728516 	1511.300048828125 	37.997100830078125 	4.7010698318481445 	28.1995
2015-01-18T13:39:59.999Z 	42022.569444443914 	42.9770459 	6.6396867 	15.788000106811523 	1511.4000244140625 	37.999000549316406 	4.701789855957031 	28.1993
2015-01-18T13:44:59.999Z 	42022.57291666613 	42.9716259 	6.6488956 	15.79699993133545 	1511.4000244140625 	38.000301361083984 	4.702809810638428 	28.199
2015-01-18T13:49:59.999Z 	42022.57638888835 	42.9631309 	6.659225 	15.810999870300293 	1511.4000244140625 	38.00120162963867 	4.704430103302002 	28.1963
2015-01-18T13:54:59.999Z 	42022.57986111057 	42.9533509 	6.6697482 	15.845000267028809 	1511.5 	38.00149917602539 	4.708099842071533 	28.1893
2015-01-18T13:59:59.999Z 	42022.58333333279 	42.9436588 	6.6804704 	15.836000442504883 	1511.5 	38.00149917602539 	4.707079887390137 	28.19
2015-01-18T14:04:59.999Z 	42022.58680555501 	42.933711 	6.6913614 	15.831000328063965 	1511.5 	38.00239944458008 	4.706669807434082 	28.1932
2015-01-18T14:09:59.999Z 	42022.59027777723 	42.9237273 	6.7022207 	15.812000274658203 	1511.4000244140625 	38.003299713134766 	4.704740047454834 	28.1999
2015-01-18T14:14:59.999Z 	42022.59374999945 	42.9137885 	6.7128563 	15.78600025177002 	1511.300048828125 	38.00559997558594 	4.702300071716309 	28.2066
2015-01-18T14:19:59.999Z 	42022.597222221666 	42.9037545 	6.7234533 	15.753999710083008 	1511.199951171875 	38.007999420166016 	4.6991400718688965 	28.2164
2015-01-18T14:24:59.999Z 	42022.600694443885 	42.8937394 	6.7341274 	15.70199966430664 	1511.0 	38.01110076904297 	4.693950176239014 	28.2324
2015-01-18T14:29:59.999Z 	42022.604166666104 	42.8839168 	6.7446419 	15.621000289916992 	1510.800048828125 	38.016998291015625 	4.686009883880615 	28.2567
2015-01-18T14:34:59.999Z 	42022.60763888832 	42.8741063 	6.7551987 	15.494999885559082 	1510.4000244140625 	38.02819824218751 	4.673890113830566 	28.2961
2015-01-18T14:39:59.999Z 	42022.61111111054 	42.8644273 	6.7660165 	15.385000228881836 	1510.0999755859375 	38.035400390625 	4.663000106811523 	28.3243
2015-01-18T14:44:59.999Z 	42022.61458333276 	42.8548011 	6.776764 	15.310999870300293 	1509.800048828125 	38.04079818725586 	4.655779838562012 	28.3449
2015-01-18T14:49:59.999Z 	42022.61805555498 	42.8448631 	6.7870632 	15.206000328063965 	1509.5 	38.05099868774414 	4.645699977874756 	28.3776
2015-01-18T14:54:59.999Z 	42022.6215277772 	42.8349331 	6.7975805 	15.067999839782715 	1509.0 	38.06230163574219 	4.632359981536865 	28.4211
2015-01-18T14:59:59.999Z 	42022.62499999942 	42.8251188 	6.8082693 	14.979000091552734 	1508.800048828125 	38.06600189208984 	4.623300075531006 	28.4393
2015-01-18T15:04:59.999Z 	42022.62847222164 	42.8153438 	6.8187669 	14.96500015258789 	1508.800048828125 	38.07109832763672 	4.622389793395996 	28.445
2015-01-18T15:09:59.999Z 	42022.631944443856 	42.8053601 	6.8293161 	14.920000076293945 	1508.5999755859375 	38.07749938964844 	4.618319988250732 	28.463
2015-01-18T15:14:59.999Z 	42022.635416666075 	42.7952773 	6.8398125 	14.835000038146973 	1508.300048828125 	38.084999084472656 	4.610179901123047 	28.4893
2015-01-18T15:19:59.999Z 	42022.638888888294 	42.7854323 	6.8501908 	14.706999778747559 	1507.9000244140625 	38.09429931640625 	4.597660064697266 	28.525
2015-01-18T15:24:59.999Z 	42022.64236111051 	42.7756118 	6.860979 	14.527999877929688 	1507.5 	38.11940002441406 	4.581369876861572 	28.5788
2015-01-18T15:29:59.999Z 	42022.64583333273 	42.7654218 	6.8718117 	14.51099967956543 	1507.4000244140625 	38.119998931884766 	4.579740047454834 	28.5859
2015-01-18T15:34:59.999Z 	42022.64930555495 	42.7553555 	6.8824488 	14.390000343322754 	1507.0 	38.13520050048828 	4.568550109863281 	28.6262
2015-01-18T15:39:59.999Z 	42022.65277777717 	42.7452912 	6.8930889 	14.284000396728516 	1506.699951171875 	38.15449905395508 	4.559390068054199 	28.6597
2015-01-18T15:44:59.999Z 	42022.65624999939 	42.7350959 	6.9037528 	14.246000289916992 	1506.5 	38.15850067138672 	4.555830001831055 	28.6737
2015-01-18T15:49:59.999Z 	42022.65972222161 	42.7249246 	6.9144677 	14.109999656677246 	1506.0 	38.17789840698242 	4.5436201095581055 	28.724
2015-01-18T15:54:59.999Z 	42022.66319444383 	42.7147851 	6.9254092 	13.994000434875488 	1505.800048828125 	38.19779968261719 	4.533440113067627 	28.7564
2015-01-18T15:59:59.999Z 	42022.666666666046 	42.704664 	6.9364666 	13.946999549865723 	1505.699951171875 	38.19110107421875 	4.527850151062012 	28.7559
2015-01-18T16:04:59.999Z 	42022.670138888265 	42.6945368 	6.9469736 	13.967000007629395 	1505.800048828125 	38.200401306152344 	4.530900001525879 	28.7601
2015-01-18T16:09:59.999Z 	42022.673611110484 	42.6846469 	6.9575674 	14.083999633789062 	1506.0999755859375 	38.16619873046875 	4.539649963378906 	28.7083
2015-01-18T16:14:59.999Z 	42022.6770833327 	42.6743725 	6.9683204 	14.133999824523926 	1506.300048828125 	38.15900039672851 	4.544129848480225 	28.691
2015-01-18T16:19:59.999Z 	42022.68055555492 	42.664228 	6.979107 	14.189000129699707 	1506.4000244140625 	38.12860107421875 	4.546669960021973 	28.6565
2015-01-18T16:24:59.999Z 	42022.68402777714 	42.6565725 	6.9899919 	14.232000350952148 	1506.5 	38.1254997253418 	4.550839900970459 	28.6472
2015-01-18T16:29:59.999Z 	42022.68749999936 	42.6556826 	7.0031556 	14.225000381469727 	1506.5 	38.13050079345703 	4.550640106201172 	28.6523
2015-01-18T16:34:59.999Z 	42022.69097222158 	42.6597748 	7.014599 	14.217000007629395 	1506.5 	38.131500244140625 	4.549930095672607 	28.654
2015-01-18T16:39:59.999Z 	42022.6944444438 	42.6668688 	7.0220777 	14.199999809265137 	1506.4000244140625 	38.13740158081055 	4.548709869384766 	28.665
2015-01-18T16:44:59.999Z 	42022.69791666602 	42.6750679 	7.0227696 	14.16100025177002 	1506.300048828125 	38.14690017700195 	4.545650005340576 	28.6797
2015-01-18T16:49:59.999Z 	42022.701388888236 	42.6821073 	7.0162878 	14.133000373840332 	1506.199951171875 	38.1526985168457 	4.543310165405273 	28.688
2015-01-18T16:54:59.999Z 	42022.704861110455 	42.6909043 	7.0067042 	14.125 	1506.199951171875 	38.16230010986328 	4.543519973754883 	28.6983
2015-01-18T16:59:59.999Z 	42022.708333332674 	42.7002468 	6.9964711 	14.086999893188477 	1506.0999755859375 	38.17210006713867 	4.54056978225708 	28.7143
2015-01-18T17:04:59.999Z 	42022.71180555489 	42.7097662 	6.9861071 	14.050999641418457 	1506.0 	38.17580032348633 	4.537109851837158 	28.7268
2015-01-18T17:09:59.999Z 	42022.71527777711 	42.7191617 	6.9756855 	13.958999633789062 	1505.699951171875 	38.1963005065918 	4.529580116271973 	28.7589
2015-01-18T17:14:59.999Z 	42022.71874999933 	42.728283 	6.964743 	14.03499984741211 	1506.0 	38.18410110473633 	4.536290168762207 	28.7309
2015-01-18T17:19:59.999Z 	42022.72222222155 	42.7378375 	6.9541106 	14.105999946594238 	1506.199951171875 	38.17250061035156 	4.542600154876709 	28.7072
2015-01-18T17:24:59.999Z 	42022.72569444377 	42.7475736 	6.9436703 	14.159000396728516 	1506.4000244140625 	38.16619873046875 	4.547490119934082 	28.6912
2015-01-18T17:29:59.999Z 	42022.72916666599 	42.757278 	6.9334618 	14.178999900817871 	1506.4000244140625 	38.166900634765625 	4.549620151519775 	28.6889
2015-01-18T17:34:59.999Z 	42022.73263888821 	42.767028 	6.9230037 	14.288999557495117 	1506.800048828125 	38.141998291015625 	4.558579921722412 	28.641
2015-01-18T17:39:59.999Z 	42022.736111110426 	42.7769369 	6.912739 	14.376999855041504 	1507.0999755859375 	38.13019943237305 	4.566619873046875 	28.614
2015-01-18T17:44:59.999Z 	42022.739583332645 	42.786896 	6.9027493 	14.40999984741211 	1507.0999755859375 	38.12860107421875 	4.56997013092041 	28.6088
2015-01-18T17:49:59.999Z 	42022.74305555486 	42.7968214 	6.8926304 	14.375 	1507.0 	38.124698638916016 	4.565800189971924 	28.6132
2015-01-18T17:54:59.999Z 	42022.74652777708 	42.8067389 	6.8820579 	14.605999946594238 	1507.800048828125 	38.102298736572266 	4.587779998779297 	28.538
2015-01-18T17:59:59.999Z 	42022.7499999993 	42.8164641 	6.8714062 	14.734000205993652 	1508.199951171875 	38.09130096435547 	4.600200176239014 	28.5066
2015-01-18T18:04:59.999Z 	42022.75347222152 	42.8261452 	6.8606237 	14.795999526977539 	1508.300048828125 	38.08319854736328 	4.605800151824951 	28.4865
2015-01-18T18:09:59.999Z 	42022.75694444374 	42.8358001 	6.8495393 	14.786999702453613 	1508.300048828125 	38.08259963989258 	4.604780197143555 	28.4873
2015-01-18T18:14:59.999Z 	42022.76041666596 	42.8455135 	6.8384306 	14.95199966430664 	1508.9000244140625 	38.06230163574219 	4.620049953460693 	28.4318
2015-01-18T18:19:59.999Z 	42022.76388888818 	42.8554966 	6.8280078 	15.064000129699707 	1509.199951171875 	38.05509948730469 	4.631140232086182 	28.4046
2015-01-18T18:24:59.999Z 	42022.7673611104 	42.8657347 	6.8177671 	15.130000114440918 	1509.4000244140625 	38.05110168457031 	4.637660026550293 	28.3862
2015-01-18T18:29:59.999Z 	42022.770833332615 	42.8757825 	6.807399 	15.279000282287598 	1509.9000244140625 	38.03779983520508 	4.652009963989258 	28.3415
2015-01-18T18:34:59.999Z 	42022.774305554834 	42.8856829 	6.7969864 	15.357000350952148 	1510.0999755859375 	38.03020095825195 	4.659440040588379 	28.3193
2015-01-18T18:39:59.999Z 	42022.77777777705 	42.8956781 	6.7863768 	15.456999778747559 	1510.4000244140625 	38.02019882202149 	4.669010162353516 	28.2874
2015-01-18T18:44:59.999Z 	42022.78124999927 	42.9057341 	6.7758127 	15.52299976348877 	1510.5 	38.015499114990234 	4.675419807434082 	28.2734
2015-01-18T18:49:59.999Z 	42022.78472222149 	42.9156466 	6.7653768 	15.4399995803833 	1510.300048828125 	38.01919937133789 	4.667069911956787 	28.2914
2015-01-18T18:54:59.999Z 	42022.78819444371 	42.9255351 	6.7546422 	15.545000076293945 	1510.699951171875 	38.01089859008789 	4.677249908447266 	28.2611
2015-01-18T18:59:59.999Z 	42022.79166666593 	42.9353479 	6.7437635 	15.630999565124512 	1510.9000244140625 	38.006099700927734 	4.685910224914551 	28.239
2015-01-18T19:04:59.999Z 	42022.79513888815 	42.9452654 	6.7336451 	15.689000129699707 	1511.0999755859375 	38.00239944458008 	4.691609859466553 	28.2228
2015-01-18T19:09:59.999Z 	42022.79861111037 	42.9552223 	6.7235352 	15.732999801635742 	1511.199951171875 	38.00170135498047 	4.696189880371094 	28.2126
2015-01-18T19:14:59.999Z 	42022.802083332586 	42.96513 	6.7129333 	15.744999885559082 	1511.199951171875 	37.999900817871094 	4.697309970855713 	28.2094
2015-01-18T19:19:59.999Z 	42022.805555554805 	42.9742798 	6.7038871 	15.743000030517578 	1511.199951171875 	37.99079895019531 	4.696090221405029 	28.2034
2015-01-18T19:24:59.999Z 	42022.809027777024 	42.9818465 	6.7012479 	15.741999626159668 	1511.199951171875 	37.989601135253906 	4.695879936218262 	28.2021
2015-01-18T19:29:59.999Z 	42022.81249999924 	42.9888935 	6.7051091 	15.744000434875488 	1511.199951171875 	37.989498138427734 	4.696090221405029 	28.2015
2015-01-18T19:34:59.999Z 	42022.81597222146 	42.9923782 	6.7143302 	15.74899959564209 	1511.199951171875 	37.989498138427734 	4.696599960327148 	28.2014
2015-01-18T19:39:59.999Z 	42022.81944444368 	42.9920443 	6.7247465 	15.75 	1511.199951171875 	37.990699768066406 	4.696800231933594 	28.2023
2015-01-18T19:44:59.999Z 	42022.8229166659 	42.988209 	6.7345498 	15.75100040435791 	1511.199951171875 	37.9900016784668 	4.696800231933594 	28.2013
2015-01-18T19:49:59.999Z 	42022.82638888812 	42.9814509 	6.7444079 	15.763999938964844 	1511.300048828125 	37.99409866333008 	4.698629856109619 	28.2007
2015-01-18T19:54:59.999Z 	42022.82986111034 	42.9740397 	6.7561079 	15.76099967956543 	1511.300048828125 	38.00139999389649 	4.6991400718688965 	28.2091
2015-01-18T19:59:59.999Z 	42022.83333333256 	42.9644939 	6.7671036 	15.736000061035156 	1511.199951171875 	38.00270080566406 	4.696599960327148 	28.215
2015-01-18T20:04:59.999Z 	42022.836805554776 	42.9544355 	6.7781046 	15.725000381469727 	1511.199951171875 	38.00310134887695 	4.695479869842529 	28.2174
2015-01-18T20:09:59.999Z 	42022.840277776995 	42.9443874 	6.7889555 	15.682999610900879 	1511.0 	38.00579833984375 	4.691400051116943 	28.2323
2015-01-18T20:14:59.999Z 	42022.843749999214 	42.9343897 	6.7997624 	15.597999572753906 	1510.699951171875 	38.01020050048828 	4.682849884033203 	28.255
2015-01-18T20:19:59.999Z 	42022.84722222143 	42.9243217 	6.8107923 	15.482999801635742 	1510.4000244140625 	38.01789855957031 	4.671450138092041 	28.2888
2015-01-18T20:24:59.999Z 	42022.85069444365 	42.9141742 	6.8217375 	15.343000411987305 	1509.9000244140625 	38.029598236083984 	4.657909870147705 	28.3316
2015-01-18T20:29:59.999Z 	42022.85416666587 	42.9041789 	6.8326753 	15.345000267028809 	1510.0 	38.030399322509766 	4.658219814300537 	28.3259
2015-01-18T20:34:59.999Z 	42022.85763888809 	42.8937993 	6.8432333 	15.22599983215332 	1509.5999755859375 	38.045799255371094 	4.647329807281494 	28.3675
2015-01-18T20:39:59.999Z 	42022.86111111031 	42.8835131 	6.8538811 	15.135000228881836 	1509.199951171875 	38.05379867553711 	4.63847017288208 	28.3995
2015-01-18T20:44:59.999Z 	42022.86458333253 	42.8733186 	6.8644985 	15.020000457763672 	1508.9000244140625 	38.05830001831055 	4.626870155334473 	28.4248
2015-01-18T20:49:59.999Z 	42022.86805555475 	42.863189 	6.8752797 	14.63700008392334 	1507.699951171875 	38.09519958496094 	4.590330123901367 	28.5447
2015-01-18T20:54:59.999Z 	42022.871527776966 	42.8533564 	6.8858844 	14.444000244140625 	1507.199951171875 	38.124298095703125 	4.573130130767822 	28.5985
2015-01-18T20:59:59.999Z 	42022.874999999185 	42.8437195 	6.8967809 	14.527000427246094 	1507.5999755859375 	38.110599517822266 	4.580359935760498 	28.5627
2015-01-18T21:04:59.999Z 	42022.878472221404 	42.8339289 	6.9076984 	14.70300006866455 	1508.0 	38.094600677490234 	4.597249984741211 	28.5186
2015-01-18T21:09:59.999Z 	42022.88194444362 	42.8238514 	6.9184415 	14.666000366210938 	1507.9000244140625 	38.10029983520508 	4.593890190124512 	28.5344
2015-01-18T21:14:59.999Z 	42022.88541666584 	42.8134617 	6.9289069 	14.557000160217285 	1507.5 	38.11140060424805 	4.5836100578308105 	28.5704
2015-01-18T21:19:59.999Z 	42022.88888888806 	42.8032187 	6.9395871 	14.342000007629395 	1506.5999755859375 	38.132598876953125 	4.563260078430176 	28.6481
2015-01-18T21:24:59.999Z 	42022.89236111028 	42.7932116 	6.9508446 	14.27400016784668 	1506.699951171875 	38.14509963989258 	4.5573601722717285 	28.651
2015-01-18T21:29:59.999Z 	42022.8958333325 	42.783011 	6.9618508 	14.26099967956543 	1506.5999755859375 	38.14680099487305 	4.5561299324035645 	28.6596
2015-01-18T21:34:59.999Z 	42022.89930555472 	42.7728017 	6.9724882 	14.164999961853027 	1506.300048828125 	38.1609001159668 	4.5475897789001465 	28.6917
2015-01-18T21:39:59.999Z 	42022.90277777694 	42.7625237 	6.98319 	14.114999771118164 	1506.199951171875 	38.17660140991211 	4.543920040130615 	28.7145
2015-01-18T21:44:59.999Z 	42022.906249999156 	42.7521953 	6.994173 	14.079999923706055 	1506.0999755859375 	38.180999755859375 	4.540770053863525 	28.7237
2015-01-18T21:49:59.999Z 	42022.909722221375 	42.7422382 	7.0050129 	14.050999641418457 	1506.0 	38.18560028076172 	4.538229942321777 	28.7321
2015-01-18T21:54:59.999Z 	42022.913194443594 	42.7322087 	7.0159546 	14.01200008392334 	1505.800048828125 	38.18730163574219 	4.534259796142578 	28.7438
2015-01-18T21:59:59.999Z 	42022.91666666581 	42.7219646 	7.026522 	13.956999778747559 	1505.5999755859375 	38.19860076904297 	4.529679775238037 	28.7689
2015-01-18T22:04:59.999Z 	42022.92013888803 	42.7117954 	7.0376773 	13.961999893188477 	1505.699951171875 	38.18479919433594 	4.528659820556641 	28.7497
2015-01-18T22:09:59.999Z 	42022.92361111025 	42.7021403 	7.0494154 	14.006999969482422 	1505.9000244140625 	38.17649841308594 	4.532529830932617 	28.7306
2015-01-18T22:14:59.999Z 	42022.92708333247 	42.6960491 	7.0595303 	14.048999786376953 	1506.0 	38.18000030517578 	4.537409782409668 	28.7292
2015-01-18T22:19:59.999Z 	42022.93055555469 	42.6943388 	7.0712722 	14.020999908447266 	1505.9000244140625 	38.18489837646484 	4.534969806671143 	28.7392
2015-01-18T22:24:59.999Z 	42022.93402777691 	42.6969873 	7.0824206 	13.98799991607666 	1505.800048828125 	38.19089889526367 	4.532120227813721 	28.7521
2015-01-18T22:29:59.999Z 	42022.93749999913 	42.703172 	7.0904119 	13.95300006866455 	1505.699951171875 	38.20669937133789 	4.5300798416137695 	28.7687
2015-01-18T22:34:59.999Z 	42022.940972221346 	42.71139 	7.092459 	13.881999969482422 	1505.5 	38.21110153198242 	4.523059844970703 	28.7883
2015-01-18T22:39:59.999Z 	42022.944444443565 	42.7185277 	7.0872586 	13.895000457763672 	1505.5 	38.202598571777344 	4.5235700607299805 	28.7779
2015-01-18T22:44:59.999Z 	42022.947916665784 	42.7264049 	7.0776965 	13.90999984741211 	1505.5999755859375 	38.20130157470703 	4.525000095367432 	28.7734
2015-01-18T22:49:59.999Z 	42022.951388888 	42.7365581 	7.0667728 	13.918999671936035 	1505.5999755859375 	38.19770050048828 	4.525509834289551 	28.7681
2015-01-18T22:54:59.999Z 	42022.95486111022 	42.7466723 	7.0560555 	13.9350004196167 	1505.699951171875 	38.1963005065918 	4.527130126953125 	28.7636
2015-01-18T22:59:59.999Z 	42022.95833333244 	42.7568947 	7.0453213 	13.96399974822998 	1505.800048828125 	38.189701080322266 	4.529469966888428 	28.7518
2015-01-18T23:04:59.999Z 	42022.96180555466 	42.7668184 	7.0338479 	14.006999969482422 	1505.9000244140625 	38.185199737548835 	4.533440113067627 	28.738
2015-01-18T23:09:59.999Z 	42022.96527777688 	42.7765997 	7.0224825 	14.038999557495117 	1506.0 	38.18479919433594 	4.536799907684326 	28.733
2015-01-18T23:14:59.999Z 	42022.9687499991 	42.7865454 	7.0116479 	14.059000015258789 	1506.0999755859375 	38.182498931884766 	4.53863000869751 	28.7262
2015-01-18T23:19:59.999Z 	42022.97222222132 	42.796636 	7.0007285 	14.086999893188477 	1506.0999755859375 	38.173099517822266 	4.540669918060303 	28.7144
2015-01-18T23:24:59.999Z 	42022.975694443536 	42.8067116 	6.9898281 	14.121000289916992 	1506.4000244140625 	38.15679931640625 	4.542500019073486 	28.6843
2015-01-18T23:29:59.999Z 	42022.979166665755 	42.8166793 	6.9788629 	14.404999732971191 	1507.199951171875 	38.119998931884766 	4.568550109863281 	28.5972
2015-01-18T23:34:59.999Z 	42022.982638887974 	42.8269924 	6.9682516 	14.526000022888184 	1507.5 	38.1083984375 	4.580049991607666 	28.5631
2015-01-18T23:39:59.999Z 	42022.98611111019 	42.8372487 	6.9576782 	14.609999656677246 	1507.800048828125 	38.10580062866211 	4.588600158691406 	28.5462
2015-01-18T23:44:59.999Z 	42022.98958333241 	42.8473228 	6.9473005 	14.583999633789062 	1507.5999755859375 	38.10929870605469 	4.586259841918945 	28.5583
2015-01-18T23:49:59.999Z 	42022.99305555463 	42.8574556 	6.9364194 	14.479999542236328 	1507.300048828125 	38.12149810791016 	4.576590061187744 	28.5915
2015-01-18T23:54:59.999Z 	42022.99652777685 	42.8674798 	6.9251059 	14.444000244140625 	1507.300048828125 	38.10689926147461 	4.571199893951416 	28.5798
2015-01-18T23:59:59.999Z 	42022.99999999907 	42.8775927 	6.9141336 					
