time 	latitude 	longitude 	water temperature 	water sound speed 	water salinity 	water conductivity 	anomaly of water mass density
2015-01-14T00:00:00.000Z 	42018.0 	41.3120375 	3.5511166 	14.612000465393066 	1508.9000244140625 	37.97919845581055 	4.617499828338623 	28.3579
2015-01-14T00:04:59.999Z 	42018.00347222222 	41.3133168 	3.5501518 	14.631999969482422 	1509.0 	37.97629928588867 	4.6182098388671875 	28.3512
2015-01-14T00:09:59.999Z 	42018.00694444444 	41.3129061 	3.5484368 	14.628999710083008 	1509.0 	37.97650146484375 	4.618319988250732 	28.352
2015-01-14T00:14:59.999Z 	42018.01041666666 	41.3129064 	3.5484036 	14.630999565124512 	1509.0 	37.975399017333984 	4.618929862976074 	28.3508
2015-01-14T00:19:59.999Z 	42018.013888888876 	41.3129094 	3.5484274 	14.638999938964844 	1509.0 	37.972999572753906 	4.619029998779297 	28.347
2015-01-14T00:24:59.999Z 	42018.017361111095 	41.3129079 	3.5484271 	14.645000457763672 	1509.0 	37.97269821166992 	4.619939804077148 	28.3455
2015-01-14T00:29:59.999Z 	42018.020833333314 	41.312902 	3.5484393 	14.656000137329102 	1509.0999755859375 	37.97090148925781 	4.619540214538574 	28.3416
2015-01-14T00:34:59.999Z 	42018.02430555553 	41.3129176 	3.5484033 	14.649999618530273 	1509.0 	37.97019958496094 	4.620049953460693 	28.3425
2015-01-14T00:39:59.999Z 	42018.02777777775 	41.3129003 	3.5484427 	14.661999702453613 	1509.0999755859375 	37.969600677490234 	4.620049953460693 	28.3394
2015-01-14T00:44:59.999Z 	42018.03124999997 	41.3129089 	3.5484142 	14.652000427246094 	1509.0 	37.96939849853516 	4.620250225067139 	28.3415
2015-01-14T00:49:59.999Z 	42018.03472222219 	41.3129122 	3.5484002 	14.654999732971191 	1509.0 	37.96870040893555 	4.620759963989258 	28.3403
2015-01-14T00:54:59.999Z 	42018.03819444441 	41.3128899 	3.5484303 	14.656000137329102 	1509.0 	37.96969985961914 	4.6208600997924805 	28.3406
2015-01-14T00:59:59.999Z 	42018.04166666663 	41.3129038 	3.548429 	14.666999816894531 	1509.0999755859375 	37.96879959106445 	4.621059894561768 	28.3375
2015-01-14T01:04:59.999Z 	42018.04513888885 	41.3129106 	3.5484129 	14.654999732971191 	1509.0 	37.96939849853516 	4.620759963989258 	28.3408
2015-01-14T01:09:59.999Z 	42018.048611111066 	41.3129081 	3.5484161 	14.656999588012695 	1509.0999755859375 	37.96939849853516 	4.620759963989258 	28.3403
2015-01-14T01:14:59.999Z 	42018.052083333285 	41.3128961 	3.5484532 	14.654999732971191 	1509.0 	37.968299865722656 	4.6208600997924805 	28.3398
2015-01-14T01:19:59.999Z 	42018.055555555504 	41.312905 	3.5484166 	14.657999992370605 	1509.0999755859375 	37.969200134277344 	4.620960235595703 	28.34
2015-01-14T01:24:59.999Z 	42018.05902777772 	41.3129081 	3.5484275 	14.66100025177002 	1509.0999755859375 	37.96780014038086 	4.620659828186035 	28.3381
2015-01-14T01:29:59.999Z 	42018.06249999994 	41.312911 	3.5484045 	14.657999992370605 	1509.0999755859375 	37.96739959716797 	4.620759963989258 	28.3385
2015-01-14T01:34:59.999Z 	42018.06597222216 	41.312904 	3.548419 	14.657999992370605 	1509.0999755859375 	37.966400146484375 	4.620659828186035 	28.3376
2015-01-14T01:39:59.999Z 	42018.06944444438 	41.3129184 	3.5484073 	14.654999732971191 	1509.0 	37.96659851074219 	4.620450019836426 	28.3385
2015-01-14T01:44:59.999Z 	42018.0729166666 	41.3129186 	3.5484205 	14.656999588012695 	1509.0 	37.96599960327149 	4.620250225067139 	28.3376
2015-01-14T01:49:59.999Z 	42018.07638888882 	41.312899 	3.5484489 	14.656000137329102 	1509.0 	37.9650993347168 	4.620150089263916 	28.3371
2015-01-14T01:54:59.999Z 	42018.07986111104 	41.309384 	3.5493353 	14.654999732971191 	1509.0 	37.96699905395508 	4.6208600997924805 	28.3387
2015-01-14T01:59:59.999Z 	42018.083333333256 	41.3032478 	3.5620491 	14.654999732971191 	1509.0 	37.96900177001953 	4.6208600997924805 	28.3404
2015-01-14T02:04:59.999Z 	42018.086805555475 	41.2956935 	3.5770188 	14.64799976348877 	1509.0 	37.97119903564453 	4.620150089263916 	28.3437
2015-01-14T02:09:59.999Z 	42018.090277777694 	41.2874135 	3.5934611 	14.642000198364258 	1509.0 	37.97740173339844 	4.619939804077148 	28.3498
2015-01-14T02:14:59.999Z 	42018.09374999991 	41.2801442 	3.6075574 	14.61299991607666 	1508.9000244140625 	37.98210144042969 	4.618110179901123 	28.3599
2015-01-14T02:19:59.999Z 	42018.09722222213 	41.2778474 	3.6159472 	14.60200023651123 	1508.9000244140625 	37.98419952392578 	4.6165900230407715 	28.364
2015-01-14T02:24:59.999Z 	42018.10069444435 	41.2790175 	3.6141319999999997 	14.604000091552734 	1508.9000244140625 	37.98270034790039 	4.616789817810059 	28.3624
2015-01-14T02:29:59.999Z 	42018.10416666657 	41.2789967 	3.6141549 	14.604000091552734 	1508.9000244140625 	37.9833984375 	4.616789817810059 	28.3629
2015-01-14T02:34:59.999Z 	42018.10763888879 	41.279007 	3.6141555 	14.604000091552734 	1508.9000244140625 	37.98270034790039 	4.616789817810059 	28.3623
2015-01-14T02:39:59.999Z 	42018.11111111101 	41.2790088 	3.6141244 	14.604000091552734 	1508.9000244140625 	37.98229980468751 	4.616889953613281 	28.3621
2015-01-14T02:44:59.999Z 	42018.11458333323 	41.2790029 	3.6141295999999996 	14.60099983215332 	1508.9000244140625 	37.98199844360351 	4.616789817810059 	28.3625
2015-01-14T02:49:59.999Z 	42018.118055555446 	41.2790061 	3.6141642999999997 	14.600000381469727 	1508.9000244140625 	37.98040008544922 	4.616690158843994 	28.3614
2015-01-14T02:54:59.999Z 	42018.121527777665 	41.2790035 	3.6141289999999997 	14.597999572753906 	1508.9000244140625 	37.98059844970703 	4.616479873657227 	28.362
2015-01-14T02:59:59.999Z 	42018.12499999988 	41.2790071 	3.6141279000000006 	14.597999572753906 	1508.9000244140625 	37.981098175048835 	4.616690158843994 	28.3623
2015-01-14T03:04:59.999Z 	42018.1284722221 	41.2790034 	3.6141316 	14.593000411987305 	1508.9000244140625 	37.98189926147461 	4.61598014831543 	28.3642
2015-01-14T03:09:59.999Z 	42018.13194444432 	41.2790122 	3.6141331 	14.59000015258789 	1508.9000244140625 	37.98059844970703 	4.615469932556152 	28.3638
2015-01-14T03:14:59.999Z 	42018.13541666654 	41.2790142 	3.6141532 	14.586999893188477 	1508.800048828125 	37.98040008544922 	4.6148600578308105 	28.3642
2015-01-14T03:19:59.999Z 	42018.13888888876 	41.2790188 	3.6141265999999996 	14.583000183105469 	1508.800048828125 	37.980499267578125 	4.614649772644043 	28.3653
2015-01-14T03:24:59.999Z 	42018.14236111098 	41.2790048 	3.6141537999999995 	14.579999923706055 	1508.800048828125 	37.98189926147461 	4.614140033721924 	28.3671
2015-01-14T03:29:59.999Z 	42018.1458333332 	41.279026 	3.6141395000000003 	14.576000213623047 	1508.800048828125 	37.9817008972168 	4.613530158996582 	28.3677
2015-01-14T03:34:59.999Z 	42018.14930555542 	41.2790247 	3.6141548000000006 	14.569999694824219 	1508.800048828125 	37.98099899291992 	4.613530158996582 	28.3685
2015-01-14T03:39:59.999Z 	42018.152777777635 	41.279031 	3.6141714 	14.572999954223633 	1508.800048828125 	37.97990036010742 	4.61313009262085 	28.367
2015-01-14T03:44:59.999Z 	42018.156249999854 	41.2790316 	3.6141484999999998 	14.569999694824219 	1508.800048828125 	37.980201721191406 	4.613230228424072 	28.3678
2015-01-14T03:49:59.999Z 	42018.15972222207 	41.2790502 	3.6141464000000005 	14.565999984741211 	1508.800048828125 	37.97829818725586 	4.6125102043151855 	28.3675
2015-01-14T03:54:59.999Z 	42018.16319444429 	41.2790718 	3.614157 	14.5649995803833 	1508.800048828125 	37.98160171508789 	4.612720012664795 	28.3701
2015-01-14T03:59:59.999Z 	42018.16666666651 	41.2790692 	3.6141642999999997 	14.562000274658203 	1508.800048828125 	37.97980117797851 	4.61230993270874 	28.3694
2015-01-14T04:04:59.999Z 	42018.17013888873 	41.2790971 	3.6141785 	14.5649995803833 	1508.800048828125 	37.98040008544922 	4.6125102043151855 	28.3692
2015-01-14T04:09:59.999Z 	42018.17361111095 	41.2792303 	3.6138598000000006 	14.567999839782715 	1508.800048828125 	37.97959899902344 	4.612720012664795 	28.3678
2015-01-14T04:14:59.999Z 	42018.17708333317 	41.2804528 	3.6164047 	14.567000389099121 	1508.800048828125 	37.97760009765625 	4.613019943237305 	28.3666
2015-01-14T04:19:59.999Z 	42018.18055555539 	41.2769702 	3.6222745 	14.571999549865723 	1508.800048828125 	37.98099899291992 	4.614039897918701 	28.368
2015-01-14T04:24:59.999Z 	42018.18402777761 	41.2702215 	3.6326341999999996 	14.571000099182129 	1508.800048828125 	37.98469924926758 	4.61313009262085 	28.371
2015-01-14T04:29:59.999Z 	42018.187499999825 	41.2625017 	3.6448622 	14.559000015258789 	1508.800048828125 	37.989898681640625 	4.613840103149414 	28.3778
2015-01-14T04:34:59.999Z 	42018.190972222044 	41.2562044 	3.6543501 	14.541000366210938 	1508.699951171875 	37.99909973144531 	4.6118998527526855 	28.3889
2015-01-14T04:39:59.999Z 	42018.19444444426 	41.2508028 	3.6624916000000005 	14.543000221252441 	1508.699951171875 	38.00479888916016 	4.6120100021362305 	28.3929
2015-01-14T04:44:59.999Z 	42018.19791666648 	41.2453823 	3.670637 	14.529999732971191 	1508.699951171875 	38.00790023803711 	4.6118998527526855 	28.3983
2015-01-14T04:49:59.999Z 	42018.2013888887 	41.2399263 	3.6802069 	14.52299976348877 	1508.699951171875 	38.00709915161133 	4.612619876861572 	28.3992
2015-01-14T04:54:59.999Z 	42018.20486111092 	41.2330671 	3.6927096 	14.496999740600586 	1508.5999755859375 	38.01639938354492 	4.609670162200928 	28.412
2015-01-14T04:59:59.999Z 	42018.20833333314 	41.2266051 	3.7056139 	14.432999610900879 	1508.4000244140625 	38.03409957885742 	4.60630989074707 	28.4398
2015-01-14T05:04:59.999Z 	42018.21180555536 	41.2203983 	3.7185133999999995 	14.350000381469727 	1508.199951171875 	38.04479980468751 	4.598060131072998 	28.4664
2015-01-14T05:09:59.999Z 	42018.21527777758 	41.2175288 	3.7267317 	14.29699993133545 	1508.0 	38.054100036621094 	4.59296989440918 	28.485
2015-01-14T05:14:59.999Z 	42018.218749999796 	41.2167925 	3.7304384999999995 	14.270999908447266 	1507.9000244140625 	38.05730056762695 	4.5918498039245605 	28.4932
2015-01-14T05:19:59.999Z 	42018.222222222015 	41.216242 	3.7341709 	14.236000061035156 	1507.800048828125 	38.07600021362305 	4.58981990814209 	28.5155
2015-01-14T05:24:59.999Z 	42018.225694444234 	41.2156383 	3.7410394999999994 	14.1850004196167 	1507.699951171875 	38.09880065917969 	4.587480068206787 	28.5442
2015-01-14T05:29:59.999Z 	42018.22916666645 	41.2152866 	3.7512564999999998 	14.083999633789062 	1507.4000244140625 	38.11650085449219 	4.578929901123047 	28.5799
2015-01-14T05:34:59.999Z 	42018.23263888867 	41.2153517 	3.7635518 	14.090999603271484 	1507.4000244140625 	38.10580062866211 	4.577199935913086 	28.57
2015-01-14T05:39:59.999Z 	42018.23611111089 	41.2154492 	3.7770281999999997 	14.093999862670898 	1507.4000244140625 	38.10689926147461 	4.577610015869141 	28.5703
2015-01-14T05:44:59.999Z 	42018.23958333311 	41.2154735 	3.7908355 	14.085000038146973 	1507.4000244140625 	38.10639953613281 	4.576889991760254 	28.5718
2015-01-14T05:49:59.999Z 	42018.24305555533 	41.2155504 	3.8048620999999994 	14.062000274658203 	1507.300048828125 	38.104000091552734 	4.573840141296387 	28.575
2015-01-14T05:54:59.999Z 	42018.24652777755 	41.2157827 	3.8199318000000004 	14.00100040435791 	1507.0999755859375 	38.11109924316406 	4.5701799392700195 	28.5937
2015-01-14T05:59:59.999Z 	42018.24999999977 	41.2162783 	3.8364876 	14.14900016784668 	1507.5999755859375 	38.08980178833008 	4.57873010635376 	28.5451
2015-01-14T06:04:59.999Z 	42018.253472221986 	41.2165332 	3.8530907000000005 	14.206000328063965 	1507.699951171875 	38.0724983215332 	4.582900047302246 	28.5193
2015-01-14T06:09:59.999Z 	42018.256944444205 	41.2165304 	3.8697539000000005 	14.390999794006348 	1508.300048828125 	38.022499084472656 	4.595009803771973 	28.44
2015-01-14T06:14:59.999Z 	42018.260416666424 	41.2166278 	3.8867237 	14.604000091552734 	1508.9000244140625 	37.95920181274414 	4.610889911651611 	28.344
2015-01-14T06:19:59.999Z 	42018.26388888864 	41.2167651 	3.9037193999999995 	14.770000457763672 	1509.300048828125 	37.90679931640625 	4.623610019683838 	28.2668
2015-01-14T06:24:59.999Z 	42018.26736111086 	41.2166479 	3.9201326000000005 	14.873000144958496 	1509.5999755859375 	37.87820053100586 	4.631649971008301 	28.2216
2015-01-14T06:29:59.999Z 	42018.27083333308 	41.2164367 	3.9366661 	14.979000091552734 	1509.9000244140625 	37.85639953613281 	4.64070987701416 	28.1811
2015-01-14T06:34:59.999Z 	42018.2743055553 	41.2160896 	3.9531839 	15.064000129699707 	1510.199951171875 	37.83769989013672 	4.649050235748291 	28.1474
2015-01-14T06:39:59.999Z 	42018.27777777752 	41.2156569 	3.9695764000000002 	15.123000144958496 	1510.300048828125 	37.82820129394531 	4.6540398597717285 	28.1269
2015-01-14T06:44:59.999Z 	42018.28124999974 	41.2152977 	3.9858800000000003 	15.151000022888184 	1510.4000244140625 	37.818500518798835 	4.655670166015625 	28.113
2015-01-14T06:49:59.999Z 	42018.28472222196 	41.2152043 	4.0021969 	15.123000144958496 	1510.300048828125 	37.81800079345703 	4.652919769287109 	28.1188
2015-01-14T06:54:59.999Z 	42018.288194444176 	41.2155843 	4.0183432 	15.154000282287598 	1510.4000244140625 	37.813201904296875 	4.654139995574951 	28.1082
2015-01-14T06:59:59.999Z 	42018.291666666395 	41.2158588 	4.0341276 	15.17300033569336 	1510.5 	37.8119010925293 	4.657199859619141 	28.1028
2015-01-14T07:04:59.999Z 	42018.295138888614 	41.2161359 	4.0505407 	15.182999610900879 	1510.5 	37.81119918823242 	4.658420085906982 	28.1001
2015-01-14T07:09:59.999Z 	42018.29861111083 	41.2163101 	4.0671522 	15.175000190734863 	1510.5 	37.81119918823242 	4.657400131225586 	28.1019
2015-01-14T07:14:59.999Z 	42018.30208333305 	41.2159576 	4.0835891 	15.154999732971191 	1510.4000244140625 	37.80970001220703 	4.6560797691345215 	28.1052
2015-01-14T07:19:59.999Z 	42018.30555555527 	41.2156463 	4.1001113 	15.133999824523926 	1510.4000244140625 	37.81110000610351 	4.653840065002441 	28.1111
2015-01-14T07:24:59.999Z 	42018.30902777749 	41.2156815 	4.1168418 	15.13599967956543 	1510.4000244140625 	37.81159973144531 	4.652510166168213 	28.111
2015-01-14T07:29:59.999Z 	42018.31249999971 	41.2158696 	4.1335234 	15.22599983215332 	1510.5999755859375 	37.80659866333008 	4.66146993637085 	28.0869
2015-01-14T07:34:59.999Z 	42018.31597222193 	41.2160331 	4.1502612 	15.291000366210938 	1510.800048828125 	37.800899505615234 	4.668089866638184 	28.0676
2015-01-14T07:39:59.999Z 	42018.31944444415 	41.216149 	4.1670427 	15.321999549865723 	1510.9000244140625 	37.79690170288086 	4.672359943389893 	28.0575
2015-01-14T07:44:59.999Z 	42018.322916666366 	41.2159349 	4.1835341 	15.338000297546387 	1511.0 	37.796001434326165 	4.673789978027344 	28.0532
2015-01-14T07:49:59.999Z 	42018.326388888585 	41.2156307 	4.1998783 	15.347000122070312 	1511.0 	37.79510116577149 	4.673689842224121 	28.0503
2015-01-14T07:54:59.999Z 	42018.329861110804 	41.2153426 	4.2163026 	15.345000267028809 	1511.0 	37.792701721191406 	4.673279762268066 	28.0489
2015-01-14T07:59:59.999Z 	42018.33333333302 	41.2154469 	4.232671 	15.32800006866455 	1510.9000244140625 	37.793399810791016 	4.67225980758667 	28.0533
2015-01-14T08:04:59.999Z 	42018.33680555524 	41.2157935 	4.2488134 	15.3100004196167 	1510.9000244140625 	37.795799255371094 	4.670939922332764 	28.0593
2015-01-14T08:09:59.999Z 	42018.34027777746 	41.2159559 	4.2651809 	15.305999755859375 	1510.9000244140625 	37.79759979248047 	4.670119762420654 	28.0617
2015-01-14T08:14:59.999Z 	42018.34374999968 	41.2160419 	4.2815975 	15.298999786376953 	1510.9000244140625 	37.80059814453125 	4.6695098876953125 	28.0655
2015-01-14T08:19:59.999Z 	42018.3472222219 	41.2161245 	4.2978086 	15.288000106811523 	1510.800048828125 	37.80179977416992 	4.668700218200684 	28.069
2015-01-14T08:24:59.999Z 	42018.35069444412 	41.2162105 	4.3143881 	15.284000396728516 	1510.800048828125 	37.80229949951172 	4.668389797210693 	28.0703
2015-01-14T08:29:59.999Z 	42018.35416666634 	41.2161782 	4.3305758 	15.274999618530273 	1510.800048828125 	37.80339813232422 	4.667779922485352 	28.0732
2015-01-14T08:34:59.999Z 	42018.357638888556 	41.2161196 	4.3464386 	15.267999649047852 	1510.800048828125 	37.80390167236328 	4.6669697761535645 	28.0752
2015-01-14T08:39:59.999Z 	42018.361111110775 	41.2161069 	4.362569 	15.26200008392334 	1510.800048828125 	37.80229949951172 	4.666359901428223 	28.0752
2015-01-14T08:44:59.999Z 	42018.364583332994 	41.2160842 	4.3792396 	15.26200008392334 	1510.699951171875 	37.80149841308594 	4.666049957275391 	28.0747
2015-01-14T08:49:59.999Z 	42018.36805555521 	41.2160295 	4.3959256 	15.267000198364258 	1510.800048828125 	37.800201416015625 	4.666560173034668 	28.0725
2015-01-14T08:54:59.999Z 	42018.37152777743 	41.2159395 	4.4127068 	15.270999908447266 	1510.800048828125 	37.79990005493164 	4.6669697761535645 	28.0713
2015-01-14T08:59:59.999Z 	42018.37499999965 	41.2158087 	4.4297911 	15.281000137329102 	1510.800048828125 	37.798301696777344 	4.667880058288574 	28.068
2015-01-14T09:04:59.999Z 	42018.37847222187 	41.2156799 	4.4469133 	15.291000366210938 	1510.800048828125 	37.79800033569336 	4.669000148773193 	28.0655
2015-01-14T09:09:59.999Z 	42018.38194444409 	41.2157297 	4.4640324 	15.300999641418457 	1510.9000244140625 	37.799598693847656 	4.670119762420654 	28.0644
2015-01-14T09:14:59.999Z 	42018.38541666631 	41.2158564 	4.4813351 	15.29699993133545 	1510.9000244140625 	37.800498962402344 	4.670229911804199 	28.066
2015-01-14T09:19:59.999Z 	42018.38888888853 	41.2159063 	4.4987841 	15.300999641418457 	1510.9000244140625 	37.79759979248047 	4.670119762420654 	28.0629
2015-01-14T09:24:59.999Z 	42018.392361110746 	41.2159865 	4.5160127 	15.281999588012695 	1510.800048828125 	37.79280090332031 	4.668290138244629 	28.0633
2015-01-14T09:29:59.999Z 	42018.395833332965 	41.2160747 	4.5332502 	15.300999641418457 	1510.9000244140625 	37.790401458740234 	4.667880058288574 	28.0572
2015-01-14T09:34:59.999Z 	42018.399305555184 	41.2162097 	4.5502788 	15.321999549865723 	1510.9000244140625 	37.79449844360351 	4.671450138092041 	28.0557
2015-01-14T09:39:59.999Z 	42018.4027777774 	41.2162193 	4.5668321 	15.333999633789062 	1511.0 	37.79059982299805 	4.673480033874512 	28.0499
2015-01-14T09:44:59.999Z 	42018.40624999962 	41.2160216 	4.583508 	15.321000099182129 	1510.9000244140625 	37.79180145263672 	4.6721601486206055 	28.0537
2015-01-14T09:49:59.999Z 	42018.40972222184 	41.2157164 	4.6002553 	15.324000358581543 	1510.9000244140625 	37.78990173339844 	4.67195987701416 	28.0515
2015-01-14T09:54:59.999Z 	42018.41319444406 	41.2153895 	4.6169449 	15.329999923706055 	1510.9000244140625 	37.78990173339844 	4.6724700927734375 	28.0503
2015-01-14T09:59:59.999Z 	42018.41666666628 	41.2153537 	4.6336593 	15.336999893188477 	1511.0 	37.78820037841797 	4.673079967498779 	28.0475
2015-01-14T10:04:59.999Z 	42018.4201388885 	41.2156289 	4.6505124 	15.315999984741211 	1510.9000244140625 	37.790000915527344 	4.671750068664551 	28.0536
2015-01-14T10:09:59.999Z 	42018.42361111072 	41.2158818 	4.6675055 	15.293999671936035 	1510.800048828125 	37.79169845581055 	4.669620037078857 	28.0597
2015-01-14T10:14:59.999Z 	42018.427083332936 	41.2161569 	4.6844579 	15.279999732971191 	1510.800048828125 	37.79230117797851 	4.668089866638184 	28.0635
2015-01-14T10:19:59.999Z 	42018.430555555155 	41.2162698 	4.7016051 	15.251999855041504 	1510.699951171875 	37.79560089111328 	4.6658501625061035 	28.0724
2015-01-14T10:24:59.999Z 	42018.43402777737 	41.2161106 	4.7187238 	15.206999778747559 	1510.5999755859375 	37.80289840698242 	4.661570072174072 	28.0882
2015-01-14T10:29:59.999Z 	42018.43749999959 	41.2159733 	4.7355209 	15.197999954223633 	1510.5999755859375 	37.80459976196289 	4.6609601974487305 	28.0916
2015-01-14T10:34:59.999Z 	42018.44097222181 	41.2157566 	4.7527091 	15.182999610900879 	1510.5 	37.80670166015625 	4.6592302322387695 	28.0966
2015-01-14T10:39:59.999Z 	42018.44444444403 	41.2154761 	4.7700502 	15.123000144958496 	1510.300048828125 	37.8129997253418 	4.655570030212402 	28.115
2015-01-14T10:44:59.999Z 	42018.44791666625 	41.2153372 	4.7862637 	15.017999649047852 	1510.0 	37.846900939941406 	4.646200180053711 	28.1649
2015-01-14T10:49:59.999Z 	42018.45138888847 	41.2154716 	4.8025475 	15.024999618530273 	1510.0999755859375 	37.847900390625 	4.647119998931885 	28.1642
2015-01-14T10:54:59.999Z 	42018.45486111069 	41.2158437 	4.8192567 	15.00100040435791 	1510.0 	37.85200119018555 	4.64640998840332 	28.1727
2015-01-14T10:59:59.999Z 	42018.45833333291 	41.2158736 	4.8359436 	14.942999839782715 	1509.800048828125 	37.87160110473633 	4.641930103302002 	28.2009
2015-01-14T11:04:59.999Z 	42018.461805555125 	41.2156599 	4.8527714 	14.883000373840332 	1509.699951171875 	37.890899658203125 	4.638060092926025 	28.2292
2015-01-14T11:09:59.999Z 	42018.465277777344 	41.21557 	4.8698391 	14.78600025177002 	1509.4000244140625 	37.90299987792969 	4.631140232086182 	28.2603
2015-01-14T11:14:59.999Z 	42018.46874999956 	41.2157054 	4.8869194 	14.310999870300293 	1508.0 	38.004600524902344 	4.60122013092041 	28.4438
2015-01-14T11:19:59.999Z 	42018.47222222178 	41.2163177 	4.9034083 	14.145999908447266 	1507.5 	38.0359001159668 	4.578320026397705 	28.504
2015-01-14T11:24:59.999Z 	42018.475694444 	41.2162734 	4.9198854 	14.04800033569336 	1507.199951171875 	38.03779983520508 	4.573740005493164 	28.5266
2015-01-14T11:29:59.999Z 	42018.47916666622 	41.216358 	4.936041 	14.0600004196167 	1507.199951171875 	38.04510116577149 	4.570479869842529 	28.5299
2015-01-14T11:34:59.999Z 	42018.48263888844 	41.2164189 	4.9519631 	14.039999961853027 	1507.199951171875 	38.05849838256836 	4.566619873046875 	28.5446
2015-01-14T11:39:59.999Z 	42018.48611111066 	41.2164392 	4.9678237 	14.031000137329102 	1507.199951171875 	38.06060028076172 	4.567430019378662 	28.548
2015-01-14T11:44:59.999Z 	42018.48958333288 	41.2167242 	4.9833857 	14.043000221252441 	1507.199951171875 	38.06039810180664 	4.568140029907227 	28.5452
2015-01-14T11:49:59.999Z 	42018.493055555096 	41.2171353 	4.9987197 	14.109000205993652 	1507.4000244140625 	38.04209899902344 	4.572519779205322 	28.5168
2015-01-14T11:54:59.999Z 	42018.496527777315 	41.2158962 	5.0125743 	14.105999946594238 	1507.4000244140625 	38.04650115966797 	4.5744500160217285 	28.5208
2015-01-14T11:59:59.999Z 	42018.499999999534 	41.2105133 	5.0202454 	14.067000389099121 	1507.300048828125 	38.05310058593751 	4.571700096130371 	28.5344
2015-01-14T12:04:59.999Z 	42018.50347222175 	41.2031839 	5.0204325 	14.090999603271484 	1507.300048828125 	38.05329895019531 	4.570990085601807 	28.5295
2015-01-14T12:09:59.999Z 	42018.50694444397 	41.1981612 	5.0142992 	14.11400032043457 	1507.4000244140625 	38.043800354003906 	4.573939800262451 	28.5171
2015-01-14T12:14:59.999Z 	42018.51041666619 	41.1979332 	5.0058366 	14.081000328063965 	1507.300048828125 	38.052101135253906 	4.571599960327148 	28.5307
2015-01-14T12:19:59.999Z 	42018.51388888841 	41.1989041 	4.9961207 	14.065999984741211 	1507.300048828125 	38.056400299072266 	4.570079803466797 	28.5373
2015-01-14T12:24:59.999Z 	42018.51736111063 	41.1993416 	4.9815176 	13.967000007629395 	1507.0 	38.08679962158203 	4.564780235290527 	28.5822
2015-01-14T12:29:59.999Z 	42018.52083333285 	41.1991868 	4.9669768 	13.977999687194824 	1507.0 	38.08489990234375 	4.559800148010254 	28.5784
2015-01-14T12:34:59.999Z 	42018.52430555507 	41.1991947 	4.952531 	14.029000282287598 	1507.199951171875 	38.05500030517578 	4.569260120391846 	28.5442
2015-01-14T12:39:59.999Z 	42018.527777777286 	41.1996858 	4.9376401 	14.100000381469727 	1507.4000244140625 	38.05659866333008 	4.573840141296387 	28.5301
2015-01-14T12:44:59.999Z 	42018.531249999505 	41.1995505 	4.9227998 	14.185999870300293 	1507.5999755859375 	38.03559875488281 	4.577400207519531 	28.495
2015-01-14T12:49:59.999Z 	42018.534722221724 	41.1993114 	4.9080758 	14.315999984741211 	1508.0999755859375 	38.039100646972656 	4.591139793395996 	28.4693
2015-01-14T12:54:59.999Z 	42018.53819444394 	41.1991167 	4.8945078 	14.770000457763672 	1509.4000244140625 	37.92350006103516 	4.625639915466309 	28.2796
2015-01-14T12:59:59.999Z 	42018.54166666616 	41.1993775 	4.8812726 	14.907999992370605 	1509.800048828125 	37.894500732421875 	4.638160228729248 	28.2265
2015-01-14T13:04:59.999Z 	42018.54513888838 	41.1998626 	4.8678976 	14.972999572753906 	1509.9000244140625 	37.875099182128906 	4.6437602043151855 	28.1968
2015-01-14T13:09:59.999Z 	42018.5486111106 	41.2000948 	4.8545532 	15.07699966430664 	1510.199951171875 	37.85029983520508 	4.651090145111084 	28.1544
2015-01-14T13:14:59.999Z 	42018.55208333282 	41.2001591 	4.8409823 	15.086999893188477 	1510.300048828125 	37.84410095214844 	4.653019905090332 	28.1473
2015-01-14T13:19:59.999Z 	42018.55555555504 	41.2003063 	4.8272445 	15.074000358581543 	1510.199951171875 	37.846099853515625 	4.652009963989258 	28.1516
2015-01-14T13:24:59.999Z 	42018.55902777726 	41.2004092 	4.8140028 	15.135000228881836 	1510.4000244140625 	37.84410095214844 	4.650990009307861 	28.1364
2015-01-14T13:29:59.999Z 	42018.562499999476 	41.2003541 	4.8013105 	15.218000411987305 	1510.5999755859375 	37.80889892578125 	4.662079811096191 	28.0904
2015-01-14T13:34:59.999Z 	42018.565972221695 	41.2004764 	4.7885014 	15.222999572753906 	1510.5999755859375 	37.80720138549805 	4.6631999015808105 	28.0878
2015-01-14T13:39:59.999Z 	42018.569444443914 	41.2006556 	4.7755398 	15.260000228881836 	1510.699951171875 	37.800498962402344 	4.665949821472168 	28.0745
2015-01-14T13:44:59.999Z 	42018.57291666613 	41.2008047 	4.7625745 	15.253999710083008 	1510.699951171875 	37.801300048828125 	4.6652398109436035 	28.0763
2015-01-14T13:49:59.999Z 	42018.57638888835 	41.2008444 	4.7494848 	15.29699993133545 	1510.9000244140625 	37.79629898071289 	4.669620037078857 	28.0627
2015-01-14T13:54:59.999Z 	42018.57986111057 	41.2006954 	4.7362348 	15.319999694824219 	1510.9000244140625 	37.79330062866211 	4.671239852905273 	28.0551
2015-01-14T13:59:59.999Z 	42018.58333333279 	41.2006512 	4.7227449 	15.333000183105469 	1511.0 	37.792598724365234 	4.672969818115234 	28.0517
2015-01-14T14:04:59.999Z 	42018.58680555501 	41.2007117 	4.7093996 	15.35099983215332 	1511.0 	37.79230117797851 	4.674600124359131 	28.0473
2015-01-14T14:09:59.999Z 	42018.59027777723 	41.2006067 	4.6959542 	15.347999572753906 	1511.0 	37.79249954223633 	4.674709796905518 	28.0481
2015-01-14T14:14:59.999Z 	42018.59374999945 	41.2004246 	4.6824364 	15.343999862670898 	1511.0 	37.79199981689453 	4.674499988555908 	28.0486
2015-01-14T14:19:59.999Z 	42018.597222221666 	41.200398 	4.6687297 	15.350000381469727 	1511.0 	37.79180145263672 	4.674200057983398 	28.0473
2015-01-14T14:24:59.999Z 	42018.600694443885 	41.2002495 	4.6550221 	15.357999801635742 	1511.0 	37.79180145263672 	4.675419807434082 	28.0453
2015-01-14T14:29:59.999Z 	42018.604166666104 	41.2002231 	4.6412109 	15.357000350952148 	1511.0 	37.79159927368164 	4.67510986328125 	28.0454
2015-01-14T14:34:59.999Z 	42018.60763888832 	41.200288 	4.6276293 	15.348999977111816 	1511.0 	37.79199981689453 	4.674499988555908 	28.0476
2015-01-14T14:39:59.999Z 	42018.61111111054 	41.2004313 	4.6141495 	15.362000465393066 	1511.0 	37.79079818725586 	4.675320148468018 	28.0438
2015-01-14T14:44:59.999Z 	42018.61458333276 	41.2005197 	4.6007689 	15.331000328063965 	1511.0 	37.792999267578125 	4.673890113830566 	28.0524
2015-01-14T14:49:59.999Z 	42018.61805555498 	41.2004469 	4.5874365 	15.348999977111816 	1511.0 	37.793399810791016 	4.674300193786621 	28.0487
2015-01-14T14:54:59.999Z 	42018.6215277772 	41.2003544 	4.5740121 	15.34000015258789 	1511.0 	37.79610061645508 	4.674300193786621 	28.0526
2015-01-14T14:59:59.999Z 	42018.62499999942 	41.2003804 	4.5601921 	15.335000038146973 	1511.0 	37.792198181152344 	4.673079967498779 	28.051
2015-01-14T15:04:59.999Z 	42018.62847222164 	41.2005229 	4.5461885 	15.312000274658203 	1510.9000244140625 	37.7952995300293 	4.671239852905273 	28.0584
2015-01-14T15:09:59.999Z 	42018.631944443856 	41.2007098 	4.5323738 	15.229999542236328 	1510.699951171875 	37.834999084472656 	4.666769981384277 	28.1079
2015-01-14T15:14:59.999Z 	42018.635416666075 	41.2008287 	4.5188089 	15.230999946594238 	1510.699951171875 	37.835201263427734 	4.667069911956787 	28.1078
2015-01-14T15:19:59.999Z 	42018.638888888294 	41.2007229 	4.5051502 	15.225000381469727 	1510.699951171875 	37.83869934082031 	4.666659832000732 	28.1119
2015-01-14T15:24:59.999Z 	42018.64236111051 	41.2004157 	4.4914623 	15.206000328063965 	1510.5999755859375 	37.83549880981445 	4.6649298667907715 	28.1137
2015-01-14T15:29:59.999Z 	42018.64583333273 	41.2001561 	4.4777992 	15.190999984741211 	1510.5999755859375 	37.835899353027344 	4.662290096282959 	28.1174
2015-01-14T15:34:59.999Z 	42018.64930555495 	41.1998226 	4.464074 	15.190999984741211 	1510.5999755859375 	37.83789825439453 	4.662799835205078 	28.1188
2015-01-14T15:39:59.999Z 	42018.65277777717 	41.1995651 	4.4503923 	15.199999809265137 	1510.5999755859375 	37.83760070800781 	4.6631999015808105 	28.1165
2015-01-14T15:44:59.999Z 	42018.65624999939 	41.1994775 	4.4365497 	15.197999954223633 	1510.5999755859375 	37.837299346923835 	4.663609981536865 	28.1168
2015-01-14T15:49:59.999Z 	42018.65972222161 	41.1995191 	4.4227503 	15.206000328063965 	1510.5999755859375 	37.836700439453125 	4.664120197296143 	28.1145
2015-01-14T15:54:59.999Z 	42018.66319444383 	41.1995987 	4.4088723 	15.21399974822998 	1510.5999755859375 	37.83580017089844 	4.664529800415039 	28.1121
2015-01-14T15:59:59.999Z 	42018.666666666046 	41.199714 	4.3952328 	15.215999603271484 	1510.699951171875 	37.838600158691406 	4.664830207824707 	28.1137
2015-01-14T16:04:59.999Z 	42018.670138888265 	41.1999492 	4.3817222 	15.220000267028809 	1510.699951171875 	37.84439849853516 	4.666560173034668 	28.1174
2015-01-14T16:09:59.999Z 	42018.673611110484 	41.1998438 	4.368445 	15.138999938964844 	1510.4000244140625 	37.85049819946289 	4.658520221710205 	28.1405
2015-01-14T16:14:59.999Z 	42018.6770833327 	41.2003607 	4.3561835 	15.147000312805176 	1510.4000244140625 	37.850799560546875 	4.659130096435547 	28.1389
2015-01-14T16:19:59.999Z 	42018.68055555492 	41.20591 	4.3499748 	15.152000427246094 	1510.5 	37.849700927734375 	4.659739971160889 	28.1368
2015-01-14T16:24:59.999Z 	42018.68402777714 	41.2140133 	4.3509832 	15.17300033569336 	1510.5 	37.84469985961914 	4.660860061645508 	28.1281
2015-01-14T16:29:59.999Z 	42018.68749999936 	41.2223047 	4.3538535 	15.184000015258789 	1510.5999755859375 	37.84000015258789 	4.662079811096191 	28.122
2015-01-14T16:34:59.999Z 	42018.69097222158 	41.2306943 	4.3567291 	15.184000015258789 	1510.5 	37.83480072021484 	4.661369800567627 	28.118
2015-01-14T16:39:59.999Z 	42018.6944444438 	41.2400881 	4.3596876 	15.192000389099121 	1510.5999755859375 	37.83219909667969 	4.661880016326904 	28.1142
2015-01-14T16:44:59.999Z 	42018.69791666602 	41.2521296 	4.363596 	15.204000473022461 	1510.5999755859375 	37.830101013183594 	4.663099765777588 	28.1098
2015-01-14T16:49:59.999Z 	42018.701388888236 	41.264425 	4.3674762 	15.295999526977539 	1510.9000244140625 	37.81100082397461 	4.6704301834106445 	28.0743
2015-01-14T16:54:59.999Z 	42018.704861110455 	41.2768767 	4.3716149 	15.279999732971191 	1510.800048828125 	37.81169891357422 	4.670229911804199 	28.0786
2015-01-14T16:59:59.999Z 	42018.708333332674 	41.2895016 	4.3760559 	15.265999794006348 	1510.800048828125 	37.81209945678711 	4.66910982131958 	28.0819
2015-01-14T17:04:59.999Z 	42018.71180555489 	41.3022779 	4.3807695 	15.24899959564209 	1510.699951171875 	37.80569839477539 	4.665140151977539 	28.0808
2015-01-14T17:09:59.999Z 	42018.71527777711 	41.3150432 	4.3852859 	15.322999954223633 	1510.9000244140625 	37.79479980468751 	4.671040058135986 	28.0557
2015-01-14T17:14:59.999Z 	42018.71874999933 	41.3276665 	4.3900303 	15.333000183105469 	1511.0 	37.792598724365234 	4.6724700927734375 	28.0517
2015-01-14T17:19:59.999Z 	42018.72222222155 	41.3406062 	4.3948079 	15.345999717712402 	1511.0 	37.79199981689453 	4.673989772796631 	28.0482
2015-01-14T17:24:59.999Z 	42018.72569444377 	41.3535956 	4.3997636 	15.336999893188477 	1511.0 	37.79460144042969 	4.673480033874512 	28.0524
2015-01-14T17:29:59.999Z 	42018.72916666599 	41.3665224 	4.4046709 	15.3149995803833 	1510.9000244140625 	37.79650115966797 	4.67195987701416 	28.0589
2015-01-14T17:34:59.999Z 	42018.73263888821 	41.3794806 	4.4089925 	15.267000198364258 	1510.800048828125 	37.80979919433594 	4.668499946594238 	28.0799
2015-01-14T17:39:59.999Z 	42018.736111110426 	41.3925897 	4.4131756 	15.164999961853027 	1510.5 	37.82709884643555 	4.662489891052246 	28.1164
2015-01-14T17:44:59.999Z 	42018.739583332645 	41.4053067 	4.4174343 	14.822999954223633 	1509.5 	37.89099884033203 	4.634500026702881 	28.2428
2015-01-14T17:49:59.999Z 	42018.74305555486 	41.4179439 	4.4217036 	14.506999969482422 	1508.5999755859375 	37.98640060424805 	4.611700057983398 	28.3866
2015-01-14T17:54:59.999Z 	42018.74652777708 	41.430725 	4.4261125 	14.244999885559082 	1507.800048828125 	38.04520034790039 	4.593480110168457 	28.4895
2015-01-14T17:59:59.999Z 	42018.7499999993 	41.4433098 	4.4294753 	13.951000213623047 	1507.0 	38.15480041503906 	4.556540012359619 	28.6384
2015-01-14T18:04:59.999Z 	42018.75347222152 	41.4554166 	4.4330027 	14.291000366210938 	1508.0 	38.024898529052734 	4.586460113525391 	28.4638
2015-01-14T18:09:59.999Z 	42018.75694444374 	41.467791 	4.4378338 	14.218000411987305 	1507.699951171875 	38.04399871826172 	4.588290214538574 	28.4945
2015-01-14T18:14:59.999Z 	42018.76041666596 	41.480118 	4.4426078 	14.053000450134277 	1507.300048828125 	38.08769989013672 	4.573639869689941 	28.5642
2015-01-14T18:19:59.999Z 	42018.76388888818 	41.4921857 	4.4472738 	14.03600025177002 	1507.199951171875 	38.09870147705078 	4.570990085601807 	28.5765
2015-01-14T18:24:59.999Z 	42018.7673611104 	41.5044224 	4.4516231 	13.963000297546387 	1507.0 	38.110599517822266 	4.566510200500488 	28.6015
2015-01-14T18:29:59.999Z 	42018.770833332615 	41.5168075 	4.455864 	13.812000274658203 	1506.5999755859375 	38.138301849365234 	4.557149887084961 	28.6554
2015-01-14T18:34:59.999Z 	42018.774305554834 	41.529166 	4.4595384 	13.397000312805176 	1505.4000244140625 	38.27370071411133 	4.52439022064209 	28.8487
2015-01-14T18:39:59.999Z 	42018.77777777705 	41.5412522 	4.4642024 	13.40999984741211 	1505.4000244140625 	38.26739883422851 	4.5235700607299805 	28.841
2015-01-14T18:44:59.999Z 	42018.78124999927 	41.5534496 	4.4684957 	13.41100025177002 	1505.4000244140625 	38.262798309326165 	4.524290084838867 	28.8374
2015-01-14T18:49:59.999Z 	42018.78472222149 	41.5656173 	4.4728469 	13.355999946594238 	1505.300048828125 	38.292598724365234 	4.521029949188232 	28.872
2015-01-14T18:54:59.999Z 	42018.78819444371 	41.5776621 	4.4772856 	13.383000373840332 	1505.300048828125 	38.28580093383789 	4.521130084991455 	28.8612
2015-01-14T18:59:59.999Z 	42018.79166666593 	41.5895502 	4.4815043 	13.414999961853027 	1505.4000244140625 	38.26800155639649 	4.523270130157471 	28.8405
2015-01-14T19:04:59.999Z 	42018.79513888815 	41.6013143 	4.4857214 	13.428999900817871 	1505.5 	38.264198303222656 	4.523980140686035 	28.8345
2015-01-14T19:09:59.999Z 	42018.79861111037 	41.6128277 	4.4898541 	13.425999641418457 	1505.5 	38.267799377441406 	4.525100231170654 	28.8379
2015-01-14T19:14:59.999Z 	42018.802083332586 	41.624483 	4.4940238 	13.388999938964844 	1505.4000244140625 	38.28450012207031 	4.524179935455322 	28.8588
2015-01-14T19:19:59.999Z 	42018.805555554805 	41.6362323 	4.4979167 	13.395000457763672 	1505.4000244140625 	38.29240036010742 	4.524789810180664 	28.8637
2015-01-14T19:24:59.999Z 	42018.809027777024 	41.6479184 	4.5019367 	13.373000144958496 	1505.300048828125 	38.290401458740234 	4.522349834442139 	28.8667
2015-01-14T19:29:59.999Z 	42018.81249999924 	41.6601144 	4.5058316 	13.39799976348877 	1505.4000244140625 	38.27790069580078 	4.523270130157471 	28.8517
2015-01-14T19:34:59.999Z 	42018.81597222146 	41.6724624 	4.5096348 	13.414999961853027 	1505.4000244140625 	38.274600982666016 	4.523369789123535 	28.8456
2015-01-14T19:39:59.999Z 	42018.81944444368 	41.6845407 	4.5140399 	13.437000274658203 	1505.5 	38.26470184326172 	4.526120185852051 	28.8333
2015-01-14T19:44:59.999Z 	42018.8229166659 	41.6966947 	4.5186485 	13.467000007629395 	1505.5999755859375 	38.256000518798835 	4.527639865875244 	28.8202
2015-01-14T19:49:59.999Z 	42018.82638888812 	41.7088668 	4.5230289 	13.458000183105469 	1505.5 	38.25429916381836 	4.526730060577393 	28.8207
2015-01-14T19:54:59.999Z 	42018.82986111034 	41.7209725 	4.5271885 	13.444999694824219 	1505.5 	38.25659942626953 	4.525400161743164 	28.8253
2015-01-14T19:59:59.999Z 	42018.83333333256 	41.7331531 	4.5313913 	13.380999565124512 	1505.300048828125 	38.27600097656249 	4.522250175476074 	28.8538
2015-01-14T20:04:59.999Z 	42018.836805554776 	41.7453501 	4.5354098 	13.25 	1505.0 	38.33720016479492 	4.514920234680176 	28.929
2015-01-14T20:09:59.999Z 	42018.840277776995 	41.7572847 	4.5396201 	13.25100040435791 	1505.0 	38.330299377441406 	4.512790203094482 	28.9233
2015-01-14T20:14:59.999Z 	42018.843749999214 	41.7688168 	4.5436066 	13.498000144958496 	1505.699951171875 	38.262001037597656 	4.530290126800537 	28.8184
2015-01-14T20:19:59.999Z 	42018.84722222143 	41.7805845 	4.5481677 	13.526000022888184 	1505.800048828125 	38.25170135498047 	4.532830238342285 	28.8043
2015-01-14T20:24:59.999Z 	42018.85069444365 	41.7927098 	4.5528036 	13.607999801635742 	1506.0 	38.237201690673835 	4.539750099182129 	28.7757
2015-01-14T20:29:59.999Z 	42018.85416666587 	41.8049135 	4.557333 	13.619999885559082 	1506.0 	38.23149871826172 	4.5418901443481445 	28.7688
2015-01-14T20:34:59.999Z 	42018.85763888809 	41.8175467 	4.5614535 	13.57800006866455 	1505.9000244140625 	38.23659896850586 	4.538430213928223 	28.7816
2015-01-14T20:39:59.999Z 	42018.86111111031 	41.8303678 	4.565263 	13.47599983215332 	1505.5999755859375 	38.26599884033203 	4.529069900512695 	28.8261
2015-01-14T20:44:59.999Z 	42018.86458333253 	41.8423274 	4.5694997 	13.53499984741211 	1505.800048828125 	38.2588005065918 	4.5347700119018555 	28.808
2015-01-14T20:49:59.999Z 	42018.86805555475 	41.854154 	4.573784 	13.630999565124512 	1506.0999755859375 	38.21900177001953 	4.538939952850342 	28.7567
2015-01-14T20:54:59.999Z 	42018.871527776966 	41.8660599 	4.578306 	13.680000305175781 	1506.199951171875 	38.21200180053711 	4.544129848480225 	28.7409
2015-01-14T20:59:59.999Z 	42018.874999999185 	41.8779133 	4.5828293 	13.687000274658203 	1506.199951171875 	38.208499908447266 	4.545760154724121 	28.7366
2015-01-14T21:04:59.999Z 	42018.878472221404 	41.8899138 	4.5869236 	13.70199966430664 	1506.300048828125 	38.20989990234375 	4.547379970550537 	28.7346
2015-01-14T21:09:59.999Z 	42018.88194444362 	41.9019903 	4.59107 	13.722999572753906 	1506.300048828125 	38.20589828491211 	4.548810005187988 	28.727
2015-01-14T21:14:59.999Z 	42018.88541666584 	41.9141489 	4.5949517 	13.758999824523926 	1506.4000244140625 	38.19540023803711 	4.55256986618042 	28.7111
2015-01-14T21:19:59.999Z 	42018.88888888806 	41.9263533 	4.5991574 	13.756999969482422 	1506.4000244140625 	38.19390106201172 	4.55226993560791 	28.7103
2015-01-14T21:24:59.999Z 	42018.89236111028 	41.9381007 	4.603113 	13.744000434875488 	1506.4000244140625 	38.195499420166016 	4.551249980926514 	28.7143
2015-01-14T21:29:59.999Z 	42018.8958333325 	41.9466173 	4.6062379 	13.741000175476074 	1506.4000244140625 	38.19689941406249 	4.549930095672607 	28.716
2015-01-14T21:34:59.999Z 	42018.89930555472 	41.9545433 	4.6092046 	13.734999656677246 	1506.4000244140625 	38.19620132446289 	4.549930095672607 	28.7169
2015-01-14T21:39:59.999Z 	42018.90277777694 	41.9622374 	4.6121894 	13.725000381469727 	1506.300048828125 	38.196800231933594 	4.548810005187988 	28.7194
2015-01-14T21:44:59.999Z 	42018.906249999156 	41.9692348 	4.6146517 	13.753999710083008 	1506.4000244140625 	38.19449996948242 	4.55033016204834 	28.7115
2015-01-14T21:49:59.999Z 	42018.909722221375 	41.975327 	4.6166823 	13.795999526977539 	1506.5999755859375 	38.1880989074707 	4.554609775543213 	28.6975
2015-01-14T21:54:59.999Z 	42018.913194443594 	41.9802905 	4.6182509 	13.8149995803833 	1506.5999755859375 	38.18410110473633 	4.556029796600342 	28.6902
2015-01-14T21:59:59.999Z 	42018.91666666581 	41.9849442 	4.6199969 	13.84000015258789 	1506.699951171875 	38.18199920654297 	4.5584797859191895 	28.6833
2015-01-14T22:04:59.999Z 	42018.92013888803 	41.9917815 	4.6228656 	13.861000061035156 	1506.800048828125 	38.1775016784668 	4.560210227966309 	28.6753
2015-01-14T22:09:59.999Z 	42018.92361111025 	41.9989023 	4.6241336 	13.873000144958496 	1506.800048828125 	38.17490005493164 	4.561629772186279 	28.6707
2015-01-14T22:14:59.999Z 	42018.92708333247 	42.0024387 	4.6231993 	13.875 	1506.800048828125 	38.17509841918945 	4.561729907989502 	28.6705
2015-01-14T22:19:59.999Z 	42018.93055555469 	42.000999 	4.6218522 	13.880999565124512 	1506.800048828125 	38.17499923706055 	4.5619401931762695 	28.669
2015-01-14T22:24:59.999Z 	42018.93402777691 	42.0008903 	4.6211455 	13.878000259399414 	1506.800048828125 	38.17399978637695 	4.561830043792725 	28.6689
2015-01-14T22:29:59.999Z 	42018.93749999913 	42.0007814 	4.6211007 	13.878999710083008 	1506.800048828125 	38.17599868774414 	4.561530113220215 	28.6704
2015-01-14T22:34:59.999Z 	42018.940972221346 	42.0004068 	4.6212964 	13.871999740600586 	1506.800048828125 	38.17620086669922 	4.5613298416137695 	28.6719
2015-01-14T22:39:59.999Z 	42018.944444443565 	42.0000832 	4.621559 	13.871000289916992 	1506.800048828125 	38.17599868774414 	4.561530113220215 	28.672
2015-01-14T22:44:59.999Z 	42018.947916665784 	42.0000254 	4.6215949 	13.875 	1506.800048828125 	38.17559814453125 	4.561629772186279 	28.6708
2015-01-14T22:49:59.999Z 	42018.951388888 	42.0000217 	4.6215894 	13.87399959564209 	1506.800048828125 	38.176300048828125 	4.561629772186279 	28.6715
2015-01-14T22:54:59.999Z 	42018.95486111022 	42.0000265 	4.6215989 	13.87399959564209 	1506.800048828125 	38.17580032348633 	4.561729907989502 	28.6712
2015-01-14T22:59:59.999Z 	42018.95833333244 	42.0000244 	4.6215918 	13.869999885559082 	1506.800048828125 	38.176898956298835 	4.5613298416137695 	28.6729
2015-01-14T23:04:59.999Z 	42018.96180555466 	42.0000237 	4.6215917 	13.87600040435791 	1506.800048828125 	38.17610168457031 	4.561830043792725 	28.671
2015-01-14T23:09:59.999Z 	42018.96527777688 	42.0000265 	4.6215878 	13.875 	1506.800048828125 	38.17610168457031 	4.561830043792725 	28.6713
2015-01-14T23:14:59.999Z 	42018.9687499991 	42.0000295 	4.621585 	13.871999740600586 	1506.800048828125 	38.17599868774414 	4.561530113220215 	28.6719
2015-01-14T23:19:59.999Z 	42018.97222222132 	42.0000235 	4.6215826 	13.871999740600586 	1506.800048828125 	38.17649841308594 	4.561729907989502 	28.6721
2015-01-14T23:24:59.999Z 	42018.975694443536 	42.0000254 	4.6215845 	13.871999740600586 	1506.800048828125 	38.17620086669922 	4.5613298416137695 	28.6719
2015-01-14T23:29:59.999Z 	42018.979166665755 	42.000022 	4.6215853 	13.869999885559082 	1506.800048828125 	38.17879867553711 	4.562339782714844 	28.6744
2015-01-14T23:34:59.999Z 	42018.982638887974 	42.0000249 	4.6215802 	13.868000030517578 	1506.800048828125 	38.176898956298835 	4.5613298416137695 	28.6732
2015-01-14T23:39:59.999Z 	42018.98611111019 	42.0000241 	4.6215755 	13.866000175476074 	1506.800048828125 	38.176998138427734 	4.56112003326416 	28.6738
2015-01-14T23:44:59.999Z 	42018.98958333241 	42.0000295 	4.6215787 	13.86400032043457 	1506.800048828125 	38.177101135253906 	4.560609817504883 	28.6743
2015-01-14T23:49:59.999Z 	42018.99305555463 	42.0000315 	4.6215689 	13.869000434875488 	1506.800048828125 	38.1775016784668 	4.561830043792725 	28.6735
2015-01-14T23:54:59.999Z 	42018.99652777685 	42.0000313 	4.6215785 	13.862000465393066 	1506.800048828125 	38.1776008605957 	4.562139987945557 	28.6752
2015-01-14T23:59:59.999Z 	42018.99999999907 	42.0000284 	4.6215836 	13.859999656677246 	1506.800048828125 	38.177398681640625 	4.5607099533081055 	28.6755
2015-01-15T00:04:59.999Z 	42019.00347222129 	42.0000281 	4.6215867 					
