time 	latitude 	longitude 	water temperature 	water sound speed 	water salinity 	water conductivity 	anomaly of water mass density
2015-01-19T00:00:00.000Z 	42023.0 	42.8775927 	6.9141336 	14.527000427246094 	1507.5 	38.10300064086914 	4.579539775848389 	28.5634
2015-01-19T00:04:59.999Z 	42023.00347222222 	42.8880184 	6.9039416 	14.486000061035156 	1507.5999755859375 	38.098201751708984 	4.5747599601745605 	28.5527
2015-01-19T00:09:59.999Z 	42023.00694444444 	42.8981618 	6.8936675 	14.86400032043457 	1508.699951171875 	38.0609016418457 	4.610579967498779 	28.445
2015-01-19T00:14:59.999Z 	42023.01041666666 	42.9079958 	6.882993 	15.034000396728516 	1509.0999755859375 	38.057899475097656 	4.628290176391602 	28.4106
2015-01-19T00:19:59.999Z 	42023.013888888876 	42.9178849 	6.8723118 	15.130000114440918 	1509.4000244140625 	38.053199768066406 	4.637959957122803 	28.3868
2015-01-19T00:24:59.999Z 	42023.017361111095 	42.9280264 	6.8614022 	15.17300033569336 	1509.4000244140625 	38.051700592041016 	4.642340183258057 	28.3835
2015-01-19T00:29:59.999Z 	42023.020833333314 	42.9379617 	6.8503731 	15.21500015258789 	1509.699951171875 	38.03379821777344 	4.644780158996582 	28.3513
2015-01-19T00:34:59.999Z 	42023.02430555553 	42.9476098 	6.8397893 	15.340999603271484 	1510.0 	38.02600097656249 	4.657299995422363 	28.3241
2015-01-19T00:39:59.999Z 	42023.02777777775 	42.9572102 	6.8287428 	15.331000328063965 	1510.0 	38.02320098876953 	4.655980110168457 	28.3205
2015-01-19T00:44:59.999Z 	42023.03124999997 	42.9671084 	6.8186055 	15.494999885559082 	1510.5999755859375 	38.00870132446289 	4.671760082244873 	28.2667
2015-01-19T00:49:59.999Z 	42023.03472222219 	42.9769299 	6.8085146 	15.616000175476074 	1510.9000244140625 	38.00400161743164 	4.684070110321045 	28.2396
2015-01-19T00:54:59.999Z 	42023.03819444441 	42.9867888 	6.798364 	15.692000389099121 	1511.0999755859375 	38.00090026855469 	4.691810131072998 	28.2189
2015-01-19T00:59:59.999Z 	42023.04166666663 	42.9969302 	6.7886205 	15.748000144958496 	1511.300048828125 	38.000099182128906 	4.697609901428223 	28.208
2015-01-19T01:04:59.999Z 	42023.04513888885 	43.0082155 	6.7826429 	15.744000434875488 	1511.199951171875 	38.00130081176758 	4.697309970855713 	28.2108
2015-01-19T01:09:59.999Z 	42023.048611111066 	43.0198473 	6.7782461 	15.762999534606934 	1511.300048828125 	37.9994010925293 	4.6991400718688965 	28.204
2015-01-19T01:14:59.999Z 	42023.052083333285 	43.0315343 	6.7736834 	15.74899959564209 	1511.199951171875 	37.98830032348633 	4.696390151977539 	28.2004
2015-01-19T01:19:59.999Z 	42023.055555555504 	43.0430454 	6.7693452 	15.74899959564209 	1511.199951171875 	37.986698150634766 	4.696290016174316 	28.1972
2015-01-19T01:24:59.999Z 	42023.05902777772 	43.0543037 	6.7637934 	15.758999824523926 	1511.199951171875 	37.9838981628418 	4.697000026702881 	28.1964
2015-01-19T01:29:59.999Z 	42023.06249999994 	43.0657156 	6.7580613 	15.706999778747559 	1511.0 	37.96200180053711 	4.689060211181641 	28.1904
2015-01-19T01:34:59.999Z 	42023.06597222216 	43.0772367 	6.7523812 	15.711999893188477 	1511.0999755859375 	37.95669937133789 	4.689060211181641 	28.1837
2015-01-19T01:39:59.999Z 	42023.06944444438 	43.088505 	6.7465232 	15.730999946594238 	1511.199951171875 	37.96200180053711 	4.691609859466553 	28.177
2015-01-19T01:44:59.999Z 	42023.0729166666 	43.0982983 	6.7456173 	15.800000190734863 	1511.4000244140625 	37.98500061035156 	4.701479911804199 	28.1853
2015-01-19T01:49:59.999Z 	42023.07638888882 	43.1055239 	6.7511172 	15.800999641418457 	1511.4000244140625 	37.98550033569336 	4.701690196990967 	28.1848
2015-01-19T01:54:59.999Z 	42023.07986111104 	43.1088754 	6.7609346 	15.807999610900879 	1511.4000244140625 	37.988800048828125 	4.702700138092041 	28.1874
2015-01-19T01:59:59.999Z 	42023.083333333256 	43.1077864 	6.7718444 	15.741999626159668 	1511.199951171875 	37.96810150146484 	4.693439960479736 	28.1878
2015-01-19T02:04:59.999Z 	42023.086805555475 	43.1019489 	6.7814921 	15.699999809265137 	1511.0 	37.95650100708008 	4.687739849090576 	28.1885
2015-01-19T02:09:59.999Z 	42023.090277777694 	43.0950856 	6.7914162 	15.73799991607666 	1511.0999755859375 	37.971099853515625 	4.693339824676514 	28.1909
2015-01-19T02:14:59.999Z 	42023.09374999991 	43.0868904 	6.8018101 	15.763999938964844 	1511.300048828125 	37.98509979248047 	4.697720050811768 	28.1945
2015-01-19T02:19:59.999Z 	42023.09722222213 	43.0764895 	6.8122814 	15.788000106811523 	1511.300048828125 	37.991600036621094 	4.70097017288208 	28.1938
2015-01-19T02:24:59.999Z 	42023.10069444435 	43.0661542 	6.8229434 	15.78499984741211 	1511.300048828125 	37.99580001831055 	4.7010698318481445 	28.1981
2015-01-19T02:29:59.999Z 	42023.10416666657 	43.0558905 	6.8333581 	15.781999588012695 	1511.4000244140625 	37.99850082397461 	4.7010698318481445 	28.1988
2015-01-19T02:34:59.999Z 	42023.10763888879 	43.0458349 	6.8445983 	15.803999900817871 	1511.4000244140625 	37.99860000610351 	4.703420162200928 	28.1961
2015-01-19T02:39:59.999Z 	42023.11111111101 	43.035775 	6.8563422 	15.722000122070312 	1511.0999755859375 	38.00299835205078 	4.695169925689697 	28.2206
2015-01-19T02:44:59.999Z 	42023.11458333323 	43.0255009 	6.8674548 	15.62399959564209 	1510.800048828125 	38.005401611328125 	4.685090065002441 	28.2466
2015-01-19T02:49:59.999Z 	42023.118055555446 	43.0150724 	6.8785925 	15.52299976348877 	1510.5 	38.00899887084961 	4.674709796905518 	28.2713
2015-01-19T02:54:59.999Z 	42023.121527777665 	43.0046457 	6.8898488 	15.440999984741211 	1510.199951171875 	38.01580047607422 	4.666769981384277 	28.2958
2015-01-19T02:59:59.999Z 	42023.12499999988 	42.9943783 	6.9009681 	15.29800033569336 	1509.699951171875 	38.027400970458984 	4.652919769287109 	28.3427
2015-01-19T03:04:59.999Z 	42023.1284722221 	42.9840629 	6.9122166 	14.949000358581543 	1508.5 	38.088600158691406 	4.622590065002441 	28.4834
2015-01-19T03:09:59.999Z 	42023.13194444432 	42.9743949 	6.923968 	14.847999572753906 	1508.5999755859375 	38.09260177612305 	4.61230993270874 	28.4771
2015-01-19T03:14:59.999Z 	42023.13541666654 	42.9644394 	6.9346619 	14.940999984741211 	1508.800048828125 	38.073101043701165 	4.620049953460693 	28.4458
2015-01-19T03:19:59.999Z 	42023.13888888876 	42.9544219 	6.9450749 	15.0600004196167 	1509.199951171875 	38.06389999389649 	4.631649971008301 	28.4117
2015-01-19T03:24:59.999Z 	42023.14236111098 	42.9441782 	6.9558481 	15.01099967956543 	1508.9000244140625 	38.067100524902344 	4.626870155334473 	28.4325
2015-01-19T03:29:59.999Z 	42023.1458333332 	42.934045 	6.9665541 	14.923999786376953 	1508.699951171875 	38.06589889526367 	4.617499828338623 	28.4506
2015-01-19T03:34:59.999Z 	42023.14930555542 	42.9240133 	6.9769187 	14.82800006866455 	1508.300048828125 	38.07389831542969 	4.608240127563477 	28.4793
2015-01-19T03:39:59.999Z 	42023.152777777635 	42.9138915 	6.987484 	14.743000030517578 	1508.0999755859375 	38.082401275634766 	4.600200176239014 	28.5015
2015-01-19T03:44:59.999Z 	42023.156249999854 	42.9039731 	6.9982169 	14.722000122070312 	1508.0999755859375 	38.088401794433594 	4.598569869995117 	28.5103
2015-01-19T03:49:59.999Z 	42023.15972222207 	42.8941045 	7.0086451 	14.722999572753906 	1508.0999755859375 	38.08869934082031 	4.59867000579834 	28.5098
2015-01-19T03:54:59.999Z 	42023.16319444429 	42.8842201 	7.0190783 	14.704999923706055 	1508.0 	38.089698791503906 	4.596940040588379 	28.5149
2015-01-19T03:59:59.999Z 	42023.16666666651 	42.8743649 	7.0295591 	14.64900016784668 	1507.800048828125 	38.09769821166992 	4.591859817504883 	28.5373
2015-01-19T04:04:59.999Z 	42023.17013888873 	42.8645529 	7.0400068 	14.543999671936035 	1507.5 	38.109500885009766 	4.582089900970459 	28.5694
2015-01-19T04:09:59.999Z 	42023.17361111095 	42.8551009 	7.0505727 	14.467000007629395 	1507.300048828125 	38.11940002441406 	4.574960231781006 	28.5911
2015-01-19T04:14:59.999Z 	42023.17708333317 	42.8452696 	7.0609719 	14.37600040435791 	1507.0 	38.12710189819336 	4.56620979309082 	28.619
2015-01-19T04:19:59.999Z 	42023.18055555539 	42.8354738 	7.071652 	14.208999633789062 	1506.4000244140625 	38.143901824951165 	4.550439834594727 	28.6694
2015-01-19T04:24:59.999Z 	42023.18402777761 	42.8256845 	7.0821238 	14.234000205993652 	1506.5999755859375 	38.144500732421875 	4.553080081939697 	28.6609
2015-01-19T04:29:59.999Z 	42023.187499999825 	42.8157251 	7.0928685 	14.284000396728516 	1506.699951171875 	38.14020156860351 	4.557859897613525 	28.6468
2015-01-19T04:34:59.999Z 	42023.190972222044 	42.8055321 	7.1037005 	14.187000274658203 	1506.4000244140625 	38.15370178222656 	4.549109935760498 	28.6795
2015-01-19T04:39:59.999Z 	42023.19444444426 	42.7952582 	7.1142069 	14.079000473022461 	1506.0 	38.16699981689453 	4.539140224456787 	28.7147
2015-01-19T04:44:59.999Z 	42023.19791666648 	42.7851303 	7.1251172 	13.972999572753906 	1505.800048828125 	38.19599914550781 	4.531099796295166 	28.7557
2015-01-19T04:49:59.999Z 	42023.2013888887 	42.7751592 	7.1358623 	13.960000038146973 	1505.699951171875 	38.19490051269531 	4.529580116271973 	28.758
2015-01-19T04:54:59.999Z 	42023.20486111092 	42.7651726 	7.1464488 	13.92300033569336 	1505.5999755859375 	38.19160079956055 	4.525300025939941 	28.7643
2015-01-19T04:59:59.999Z 	42023.20833333314 	42.754674 	7.1566276 	13.881999969482422 	1505.4000244140625 	38.197601318359375 	4.521639823913574 	28.7796
2015-01-19T05:04:59.999Z 	42023.21180555536 	42.7442303 	7.1608652 	13.770999908447266 	1505.0999755859375 	38.23160171508789 	4.513500213623047 	28.8279
2015-01-19T05:09:59.999Z 	42023.21527777758 	42.7364778 	7.1593342 	13.767999649047852 	1505.199951171875 	38.2411994934082 	4.514210224151611 	28.8319
2015-01-19T05:14:59.999Z 	42023.218749999796 	42.7297129 	7.1539143 	13.741999626159668 	1505.0999755859375 	38.25109863281249 	4.512579917907715 	28.8492
2015-01-19T05:19:59.999Z 	42023.222222222015 	42.7260642 	7.1445096 	13.755999565124512 	1505.199951171875 	38.21860122680664 	4.510650157928467 	28.8153
2015-01-19T05:24:59.999Z 	42023.225694444234 	42.7287413 	7.1345317 	13.79800033569336 	1505.199951171875 	38.20309829711914 	4.513400077819824 	28.7986
2015-01-19T05:29:59.999Z 	42023.22916666645 	42.7346208 	7.1263884 	13.800000190734863 	1505.199951171875 	38.171001434326165 	4.510240077972412 	28.7703
2015-01-19T05:34:59.999Z 	42023.23263888867 	42.7423366 	7.1160907 	13.836000442504883 	1505.4000244140625 	38.18539810180664 	4.515530109405518 	28.7741
2015-01-19T05:39:59.999Z 	42023.23611111089 	42.7517556 	7.1048036 	13.871000289916992 	1505.5 	38.19919967651367 	4.520619869232178 	28.7771
2015-01-19T05:44:59.999Z 	42023.23958333311 	42.7611175 	7.0943672 	13.894000053405762 	1505.5999755859375 	38.20199966430664 	4.523369789123535 	28.7752
2015-01-19T05:49:59.999Z 	42023.24305555533 	42.7704279 	7.0838044 	13.942000389099121 	1505.699951171875 	38.18899917602539 	4.527029991149902 	28.7546
2015-01-19T05:54:59.999Z 	42023.24652777755 	42.779982 	7.0733521 	13.972999572753906 	1505.800048828125 	38.18439865112305 	4.529880046844482 	28.7447
2015-01-19T05:59:59.999Z 	42023.24999999977 	42.7894662 	7.0632361 	13.972999572753906 	1505.800048828125 	38.18130111694336 	4.529469966888428 	28.7443
2015-01-19T06:04:59.999Z 	42023.253472221986 	42.7990375 	7.0527604 	14.006999969482422 	1506.0 	38.15470123291016 	4.530290126800537 	28.7087
2015-01-19T06:09:59.999Z 	42023.256944444205 	42.8088755 	7.0425125 	14.211000442504883 	1506.5 	38.124298095703125 	4.548500061035156 	28.6451
2015-01-19T06:14:59.999Z 	42023.260416666424 	42.8186937 	7.0323633 	14.251999855041504 	1506.5999755859375 	38.05279922485351 	4.5452399253845215 	28.5779
2015-01-19T06:19:59.999Z 	42023.26388888864 	42.8282849 	7.0224026 	14.34000015258789 	1506.9000244140625 	38.10409927368164 	4.559999942779541 	28.6042
2015-01-19T06:24:59.999Z 	42023.26736111086 	42.8378925 	7.0124583 	14.213000297546387 	1506.5999755859375 	38.11650085449219 	4.5478901863098145 	28.6318
2015-01-19T06:29:59.999Z 	42023.27083333308 	42.8473405 	7.0023149 	14.406999588012695 	1507.199951171875 	38.09600067138672 	4.56620979309082 	28.5776
2015-01-19T06:34:59.999Z 	42023.2743055553 	42.8568104 	6.9922345 	14.51200008392334 	1507.5 	38.0984001159668 	4.577509880065918 	28.5567
2015-01-19T06:39:59.999Z 	42023.27777777752 	42.8664622 	6.9820708 	14.59000015258789 	1507.699951171875 	38.07149887084961 	4.582799911499023 	28.5208
2015-01-19T06:44:59.999Z 	42023.28124999974 	42.8761811 	6.9718312 	14.640000343322754 	1507.9000244140625 	38.073699951171875 	4.588389873504639 	28.511
2015-01-19T06:49:59.999Z 	42023.28472222196 	42.8857226 	6.9617079 	14.67199993133545 	1507.9000244140625 	38.08390045166016 	4.592870235443115 	28.5153
2015-01-19T06:54:59.999Z 	42023.288194444176 	42.8954039 	6.9516406 	14.680999755859375 	1508.0 	38.081401824951165 	4.593480110168457 	28.51
2015-01-19T06:59:59.999Z 	42023.291666666395 	42.90544 	6.9413675 	14.670000076293945 	1508.0 	38.05939865112305 	4.590020179748535 	28.493
2015-01-19T07:04:59.999Z 	42023.295138888614 	42.9152556 	6.9308926 	14.748000144958496 	1508.199951171875 	38.03779983520508 	4.595930099487305 	28.4586
2015-01-19T07:09:59.999Z 	42023.29861111083 	42.925088 	6.9203047 	14.9350004196167 	1508.699951171875 	38.04460144042969 	4.616380214691162 	28.4274
2015-01-19T07:14:59.999Z 	42023.30208333305 	42.935167 	6.9094409 	15.024999618530273 	1509.0 	38.0526008605957 	4.62677001953125 	28.4182
2015-01-19T07:19:59.999Z 	42023.30555555527 	42.9452279 	6.8988751 	14.895999908447266 	1508.5 	38.05910110473633 	4.613840103149414 	28.4538
2015-01-19T07:24:59.999Z 	42023.30902777749 	42.9553028 	6.8881486 	14.765999794006348 	1508.0999755859375 	38.10240173339844 	4.604780197143555 	28.5198
2015-01-19T07:29:59.999Z 	42023.31249999971 	42.9646335 	6.8765501 	15.13700008392334 	1509.5 	38.006099700927734 	4.633580207824707 	28.3393
2015-01-19T07:34:59.999Z 	42023.31597222193 	42.9745889 	6.8664632 	15.312999725341797 	1509.9000244140625 	38.00139999389649 	4.651700019836426 	28.3059
2015-01-19T07:39:59.999Z 	42023.31944444415 	42.9846591 	6.8566184 	15.413000106811523 	1510.199951171875 	37.999298095703125 	4.661980152130127 	28.2836
2015-01-19T07:44:59.999Z 	42023.322916666366 	42.9945913 	6.8463493 	15.465999603271484 	1510.4000244140625 	37.9901008605957 	4.666669845581055 	28.2629
2015-01-19T07:49:59.999Z 	42023.326388888585 	43.0044351 	6.8356833 	15.567999839782715 	1510.699951171875 	37.99020004272461 	4.677460193634033 	28.2413
2015-01-19T07:54:59.999Z 	42023.329861110804 	43.0142528 	6.8253303 	15.621000289916992 	1510.9000244140625 	37.9901008605957 	4.683060169219971 	28.2238
2015-01-19T07:59:59.999Z 	42023.33333333302 	43.024138 	6.8150608 	15.699999809265137 	1511.0999755859375 	37.992698669433594 	4.691709995269775 	28.2111
2015-01-19T08:04:59.999Z 	42023.33680555524 	43.0340685 	6.8048578 	15.770000457763672 	1511.300048828125 	37.99190139770508 	4.699039936065674 	28.1947
2015-01-19T08:09:59.999Z 	42023.34027777746 	43.0440868 	6.7946028 	15.78499984741211 	1511.4000244140625 	37.99489974975586 	4.70097017288208 	28.1959
2015-01-19T08:14:59.999Z 	42023.34374999968 	43.0536965 	6.7836207 	15.767000198364258 	1511.300048828125 	37.996299743652344 	4.699240207672119 	28.2036
2015-01-19T08:19:59.999Z 	42023.3472222219 	43.0635858 	6.7730141 	15.751999855041504 	1511.199951171875 	37.98590087890625 	4.6964898109436035 	28.1963
2015-01-19T08:24:59.999Z 	42023.35069444412 	43.0737779 	6.7630319 	15.664999961853027 	1511.0 	37.95600128173828 	4.683969974517822 	28.1916
2015-01-19T08:29:59.999Z 	42023.35416666634 	43.0832823 	6.7521616 	15.696999549865723 	1511.0999755859375 	37.96820068359375 	4.688650131225586 	28.1926
2015-01-19T08:34:59.999Z 	42023.357638888556 	43.091941 	6.7432374 	15.741999626159668 	1511.199951171875 	37.98929977416992 	4.695779800415039 	28.1999
2015-01-19T08:39:59.999Z 	42023.361111110775 	43.0992531 	6.7408472 	15.72700023651123 	1511.0999755859375 	37.99089813232422 	4.69435977935791 	28.2138
2015-01-19T08:44:59.999Z 	42023.364583332994 	43.1061334 	6.7433178 	15.678999900817871 	1511.0 	37.970600128173835 	4.687029838562012 	28.2016
2015-01-19T08:49:59.999Z 	42023.36805555521 	43.1116524 	6.749408 	15.710000038146973 	1511.199951171875 	37.976898193359375 	4.690999984741211 	28.1951
2015-01-19T08:54:59.999Z 	42023.37152777743 	43.1145881 	6.7580906 	15.73900032043457 	1511.199951171875 	37.97629928588867 	4.694049835205078 	28.1896
2015-01-19T08:59:59.999Z 	42023.37499999965 	43.1147449 	6.7696046 	15.762999534606934 	1511.300048828125 	37.97719955444336 	4.696700096130371 	28.1852
2015-01-19T09:04:59.999Z 	42023.37847222187 	43.1127602 	6.784842 	15.758000373840332 	1511.300048828125 	37.98460006713867 	4.697000026702881 	28.1934
2015-01-19T09:09:59.999Z 	42023.38194444409 	43.1103361 	6.8010808 	15.706999778747559 	1511.0999755859375 	37.966899871826165 	4.689670085906982 	28.1943
2015-01-19T09:14:59.999Z 	42023.38541666631 	43.1082227 	6.817736 	15.678999900817871 	1511.0 	37.95690155029297 	4.6855998039245605 	28.1893
2015-01-19T09:19:59.999Z 	42023.38888888853 	43.1056211 	6.8326683 	15.71500015258789 	1511.199951171875 	37.97159957885742 	4.690999984741211 	28.1842
2015-01-19T09:24:59.999Z 	42023.392361110746 	43.0994246 	6.8451186 	15.765999794006348 	1511.300048828125 	37.990501403808594 	4.698530197143555 	28.1957
2015-01-19T09:29:59.999Z 	42023.395833332965 	43.089072 	6.8552904 	15.701000213623047 	1511.0999755859375 	37.984901428222656 	4.690999984741211 	28.2088
2015-01-19T09:34:59.999Z 	42023.399305555184 	43.078459 	6.8664635 	15.58899974822998 	1510.699951171875 	37.97980117797851 	4.678579807281494 	28.2293
2015-01-19T09:39:59.999Z 	42023.4027777774 	43.0681909 	6.8773428 	15.5649995803833 	1510.699951171875 	37.97489929199219 	4.675419807434082 	28.229
2015-01-19T09:44:59.999Z 	42023.40624999962 	43.0579628 	6.8882352 	15.506999969482422 	1510.5 	37.96849822998047 	4.668600082397461 	28.2348
2015-01-19T09:49:59.999Z 	42023.40972222184 	43.0477574 	6.898813 	15.437000274658203 	1510.300048828125 	37.95920181274414 	4.660150051116943 	28.2444
2015-01-19T09:54:59.999Z 	42023.41319444406 	43.0375246 	6.9095907 	15.362000465393066 	1510.0 	37.952999114990234 	4.651599884033203 	28.2565
2015-01-19T09:59:59.999Z 	42023.41666666628 	43.0274693 	6.9203192 	15.317999839782715 	1509.9000244140625 	37.94720077514649 	4.646309852600098 	28.2645
2015-01-19T10:04:59.999Z 	42023.4201388885 	43.0176369 	6.9308708 	15.281999588012695 	1509.800048828125 	37.95750045776367 	4.64355993270874 	28.2771
2015-01-19T10:09:59.999Z 	42023.42361111072 	43.0078123 	6.9415631 	15.211000442504883 	1509.5 	37.970699310302734 	4.637549877166748 	28.3098
2015-01-19T10:14:59.999Z 	42023.427083332936 	42.9980088 	6.9522933 	15.159000396728516 	1509.5 	37.978900909423835 	4.632969856262207 	28.3189
2015-01-19T10:19:59.999Z 	42023.430555555155 	42.9884545 	6.9626439 	14.9350004196167 	1508.5999755859375 	38.03239822387695 	4.615059852600098 	28.4251
2015-01-19T10:24:59.999Z 	42023.43402777737 	42.9794608 	6.9731223 	14.942999839782715 	1508.800048828125 	38.068500518798835 	4.619840145111084 	28.442
2015-01-19T10:29:59.999Z 	42023.43749999959 	42.9697105 	6.9832687 	14.916000366210938 	1508.699951171875 	38.04859924316406 	4.614749908447266 	28.4296
2015-01-19T10:34:59.999Z 	42023.44097222181 	42.9598074 	6.9935596 	14.939000129699707 	1508.800048828125 	38.057498931884766 	4.61821985244751 	28.4353
2015-01-19T10:39:59.999Z 	42023.44444444403 	42.9498661 	7.0040205 	14.927000045776367 	1508.699951171875 	38.057498931884766 	4.616889953613281 	28.4411
2015-01-19T10:44:59.999Z 	42023.44791666625 	42.939772 	7.0144174 	14.843000411987305 	1508.4000244140625 	38.06990051269531 	4.609360218048096 	28.4688
2015-01-19T10:49:59.999Z 	42023.45138888847 	42.9297654 	7.0248464 	14.75 	1508.0999755859375 	38.07809829711914 	4.600399971008301 	28.496
2015-01-19T10:54:59.999Z 	42023.45486111069 	42.91999 	7.03554 	14.704000473022461 	1508.0999755859375 	38.0890998840332 	4.596739768981934 	28.5122
2015-01-19T10:59:59.999Z 	42023.45833333291 	42.9102144 	7.0461766 	14.713000297546387 	1508.0999755859375 	38.08689880371094 	4.597449779510498 	28.5092
2015-01-19T11:04:59.999Z 	42023.461805555125 	42.9001426 	7.056808 	14.663000106811523 	1507.9000244140625 	38.09260177612305 	4.592770099639893 	28.5279
2015-01-19T11:09:59.999Z 	42023.465277777344 	42.8901642 	7.0672056 	14.628000259399414 	1507.800048828125 	38.09170150756836 	4.589009761810303 	28.5291
2015-01-19T11:14:59.999Z 	42023.46874999956 	42.8800897 	7.0775059 	14.651000022888184 	1507.9000244140625 	38.091899871826165 	4.591450214385986 	28.5262
2015-01-19T11:19:59.999Z 	42023.47222222178 	42.8700135 	7.0881526 	14.626999855041504 	1507.800048828125 	38.09310150146484 	4.589009761810303 	28.5334
2015-01-19T11:24:59.999Z 	42023.475694444 	42.8600084 	7.0990094 	14.508999824523926 	1507.4000244140625 	38.10559844970703 	4.57790994644165 	28.5728
2015-01-19T11:29:59.999Z 	42023.47916666622 	42.8499534 	7.1098615 	14.352999687194824 	1506.9000244140625 	38.12990188598633 	4.564070224761963 	28.6284
2015-01-19T11:34:59.999Z 	42023.48263888844 	42.8401642 	7.121058 	14.121000289916992 	1506.0999755859375 	38.159698486328125 	4.542799949645996 	28.7038
2015-01-19T11:39:59.999Z 	42023.48611111066 	42.8304659 	7.1320119 	14.109999656677246 	1506.199951171875 	38.162200927734375 	4.5418901443481445 	28.6983
2015-01-19T11:44:59.999Z 	42023.48958333288 	42.8206424 	7.1423131 	14.156999588012695 	1506.4000244140625 	38.15800094604492 	4.5464701652526855 	28.6839
2015-01-19T11:49:59.999Z 	42023.493055555096 	42.8105087 	7.1526987 	14.13700008392334 	1506.300048828125 	38.164798736572266 	4.545040130615234 	28.6979
2015-01-19T11:54:59.999Z 	42023.496527777315 	42.8005497 	7.1630436 	14.07699966430664 	1506.0999755859375 	38.174198150634766 	4.539750099182129 	28.7183
2015-01-19T11:59:59.999Z 	42023.499999999534 	42.7910054 	7.173427 	14.041999816894531 	1506.0 	38.17810058593751 	4.5363898277282715 	28.7257
2015-01-19T12:04:59.999Z 	42023.50347222175 	42.7819243 	7.1835934 	14.001999855041504 	1505.800048828125 	38.1875 	4.533239841461182 	28.7443
2015-01-19T12:09:59.999Z 	42023.50694444397 	42.7770884 	7.193962599999999 	13.982000350952148 	1505.800048828125 	38.1953010559082 	4.531919956207275 	28.7531
2015-01-19T12:14:59.999Z 	42023.51041666619 	42.7767272 	7.205612099999999 	13.972000122070312 	1505.800048828125 	38.19260025024414 	4.530590057373047 	28.7544
2015-01-19T12:19:59.999Z 	42023.51388888841 	42.7805444 	7.2161423000000005 	13.965999603271484 	1505.699951171875 	38.1786994934082 	4.5284600257873535 	28.745
2015-01-19T12:24:59.999Z 	42023.51736111063 	42.7878457 	7.2222581 	13.95199966430664 	1505.699951171875 	38.14739990234375 	4.523670196533203 	28.7222
2015-01-19T12:29:59.999Z 	42023.52083333285 	42.7961709 	7.2221554 	13.956000328063965 	1505.5999755859375 	38.132598876953125 	4.522550106048584 	28.711
2015-01-19T12:34:59.999Z 	42023.52430555507 	42.8044584 	7.214075599999999 	13.9350004196167 	1505.5999755859375 	38.1432991027832 	4.52154016494751 	28.7226
2015-01-19T12:39:59.999Z 	42023.527777777286 	42.8141969 	7.2035849999999995 	14.02400016784668 	1506.0 	38.17919921875 	4.5346598625183105 	28.7285
2015-01-19T12:44:59.999Z 	42023.531249999505 	42.8241359 	7.1929151000000005 	14.055999755859375 	1506.0 	38.169898986816406 	4.5370001792907715 	28.7186
2015-01-19T12:49:59.999Z 	42023.534722221724 	42.8337236 	7.1821116 	14.03600025177002 	1505.9000244140625 	38.166400909423835 	4.534560203552246 	28.7197
2015-01-19T12:54:59.999Z 	42023.53819444394 	42.8433233 	7.1713665 	14.053000450134277 	1506.0999755859375 	38.172698974609375 	4.5370001792907715 	28.716
2015-01-19T12:59:59.999Z 	42023.54166666616 	42.8530082 	7.1602876 	14.21500015258789 	1506.5999755859375 	38.14889907836914 	4.551559925079346 	28.6592
2015-01-19T13:04:59.999Z 	42023.54513888838 	42.8627599 	7.1493943 	14.413999557495117 	1507.199951171875 	38.109100341796875 	4.568349838256836 	28.5847
2015-01-19T13:09:59.999Z 	42023.5486111106 	42.8727404 	7.1391283 	14.53499984741211 	1507.5 	38.098201751708984 	4.579850196838379 	28.5551
2015-01-19T13:14:59.999Z 	42023.55208333282 	42.8825359 	7.1283903 	14.592000007629395 	1507.699951171875 	38.095401763916016 	4.5856499671936035 	28.5407
2015-01-19T13:19:59.999Z 	42023.55555555504 	42.8923758 	7.1176184 	14.685999870300293 	1508.0 	38.08819961547851 	4.5948100090026855 	28.5127
2015-01-19T13:24:59.999Z 	42023.55902777726 	42.9022204 	7.107115 	14.746000289916992 	1508.199951171875 	38.08599853515625 	4.6008100509643555 	28.5003
2015-01-19T13:29:59.999Z 	42023.562499999476 	42.9122928 	7.0967385 	14.748000144958496 	1508.199951171875 	38.08679962158203 	4.6011199951171875 	28.5031
2015-01-19T13:34:59.999Z 	42023.565972221695 	42.9223856 	7.0862603 	14.72700023651123 	1508.0999755859375 	38.090301513671875 	4.599289894104004 	28.5098
2015-01-19T13:39:59.999Z 	42023.569444443914 	42.9323516 	7.0758206 	14.6850004196167 	1508.0 	38.08869934082031 	4.594709873199463 	28.517
2015-01-19T13:44:59.999Z 	42023.57291666613 	42.9421761 	7.0652094 	14.718999862670898 	1508.0999755859375 	38.08549880981445 	4.597959995269775 	28.5063
2015-01-19T13:49:59.999Z 	42023.57638888835 	42.9521508 	7.0545065 	14.781999588012695 	1508.300048828125 	38.083599090576165 	4.6043701171875 	28.4889
2015-01-19T13:54:59.999Z 	42023.57986111057 	42.9620889 	7.043967 	14.829999923706055 	1508.4000244140625 	38.08760070800781 	4.609869956970215 	28.4842
2015-01-19T13:59:59.999Z 	42023.58333333279 	42.9720422 	7.0336435 	14.878999710083008 	1508.5999755859375 	38.0807991027832 	4.614349842071533 	28.4671
2015-01-19T14:04:59.999Z 	42023.58680555501 	42.9820969 	7.0233229 	14.911999702453613 	1508.699951171875 	38.07649993896484 	4.617400169372559 	28.4566
2015-01-19T14:09:59.999Z 	42023.59027777723 	42.9921265 	7.0130092 	14.930000305175781 	1508.800048828125 	38.075801849365234 	4.619229793548584 	28.4503
2015-01-19T14:14:59.999Z 	42023.59374999945 	43.0020776 	7.0028529 	14.925000190734863 	1508.699951171875 	38.06520080566406 	4.617499828338623 	28.4455
2015-01-19T14:19:59.999Z 	42023.597222221666 	43.0120983 	6.9924093 	15.14799976348877 	1509.5 	38.02629852294922 	4.636940002441406 	28.3565
2015-01-19T14:24:59.999Z 	42023.600694443885 	43.0222489 	6.9821017 	15.163999557495117 	1509.300048828125 	38.0161018371582 	4.637450218200684 	28.3593
2015-01-19T14:29:59.999Z 	42023.604166666104 	43.0319195 	6.9714789 	14.9399995803833 	1508.4000244140625 	38.01259994506836 	4.613430023193359 	28.4234
2015-01-19T14:34:59.999Z 	42023.60763888832 	43.0414897 	6.9606074 	14.722000122070312 	1507.9000244140625 	38.044898986816406 	4.593890190124512 	28.4815
2015-01-19T14:39:59.999Z 	42023.61111111054 	43.0510478 	6.9495559 	14.704999923706055 	1508.0 	38.02239990234375 	4.589719772338867 	28.4615
2015-01-19T14:44:59.999Z 	42023.61458333276 	43.0604235 	6.9382895 	14.75 	1508.0 	37.87879943847656 	4.5790300369262695 	28.338
2015-01-19T14:49:59.999Z 	42023.61805555498 	43.0704299 	6.9279195 	14.71500015258789 	1507.699951171875 	37.849098205566406 	4.572110176086426 	28.3295
2015-01-19T14:54:59.999Z 	42023.6215277772 	43.0804673 	6.9180267 	14.800000190734863 	1509.0 	37.99150085449219 	4.596429824829102 	28.3657
2015-01-19T14:59:59.999Z 	42023.62499999942 	43.0885659 	6.9131807 	15.461999893188477 	1510.4000244140625 	37.992000579833984 	4.666359901428223 	28.2625
2015-01-19T15:04:59.999Z 	42023.62847222164 	43.0949102 	6.9160888 	15.567000389099121 	1510.699951171875 	37.976600646972656 	4.675829887390137 	28.2291
2015-01-19T15:09:59.999Z 	42023.631944443856 	43.0979406 	6.9241309 	15.609000205993652 	1510.800048828125 	37.993999481201165 	4.682240009307861 	28.2376
2015-01-19T15:14:59.999Z 	42023.635416666075 	43.0967875 	6.9333701 	15.487000465393066 	1510.300048828125 	38.004600524902344 	4.6704301834106445 	28.2823
2015-01-19T15:19:59.999Z 	42023.638888888294 	43.0934533 	6.9430898 	15.222999572753906 	1509.0999755859375 	38.021099090576165 	4.644269943237305 	28.3841
2015-01-19T15:24:59.999Z 	42023.64236111051 	43.0902219 	6.9559011 	14.951000213623047 	1508.800048828125 	38.036598205566406 	4.617199897766113 	28.4149
2015-01-19T15:29:59.999Z 	42023.64583333273 	43.0847143 	6.9683243 	15.038000106811523 	1508.9000244140625 	38.0359992980957 	4.626359939575195 	28.4068
2015-01-19T15:34:59.999Z 	42023.64930555495 	43.0749747 	6.9781446 	14.630999565124512 	1507.199951171875 	38.0703010559082 	4.587069988250732 	28.5544
2015-01-19T15:39:59.999Z 	42023.65277777717 	43.0656756 	6.9893993 	14.673999786376953 	1508.0999755859375 	38.04940032958984 	4.589310169219971 	28.4755
2015-01-19T15:44:59.999Z 	42023.65624999939 	43.0561848 	7.000277 	14.619000434875488 	1507.800048828125 	38.073101043701165 	4.586050033569336 	28.5164
2015-01-19T15:49:59.999Z 	42023.65972222161 	43.0464555 	7.0106152 	14.901000022888184 	1508.800048828125 	38.01940155029297 	4.61007022857666 	28.399
2015-01-19T15:54:59.999Z 	42023.66319444383 	43.0365228 	7.0207452 	15.154999732971191 	1509.4000244140625 	38.019500732421875 	4.636940002441406 	28.3565
2015-01-19T15:59:59.999Z 	42023.666666666046 	43.0263616 	7.031082 	15.128999710083008 	1509.199951171875 	38.041400909423835 	4.636539936065674 	28.3926
2015-01-19T16:04:59.999Z 	42023.670138888265 	43.0162875 	7.0416174 	15.0 	1508.9000244140625 	38.058799743652344 	4.624730110168457 	28.4269
2015-01-19T16:09:59.999Z 	42023.673611110484 	43.0064526 	7.0523558 	14.98799991607666 	1508.9000244140625 	38.0619010925293 	4.623809814453125 	28.4313
2015-01-19T16:14:59.999Z 	42023.6770833327 	42.9964177 	7.063225 	14.958999633789062 	1508.699951171875 	38.05950164794922 	4.620560169219971 	28.4397
2015-01-19T16:19:59.999Z 	42023.68055555492 	42.9864063 	7.0740481 	14.86299991607666 	1508.5 	38.06439971923828 	4.610889911651611 	28.4624
2015-01-19T16:24:59.999Z 	42023.68402777714 	42.976533 	7.0846777 	14.791999816894531 	1508.300048828125 	38.07619857788086 	4.604680061340332 	28.4818
2015-01-19T16:29:59.999Z 	42023.68749999936 	42.9665774 	7.095284 	14.833999633789062 	1508.4000244140625 	38.078800201416016 	4.609360218048096 	28.4773
2015-01-19T16:34:59.999Z 	42023.69097222158 	42.9565255 	7.1058574 	14.815999984741211 	1508.4000244140625 	38.074100494384766 	4.607019901275635 	28.4766
2015-01-19T16:39:59.999Z 	42023.6944444438 	42.9464555 	7.1163584 	14.819999694824219 	1508.4000244140625 	38.07350158691406 	4.607329845428467 	28.4779
2015-01-19T16:44:59.999Z 	42023.69791666602 	42.9363242 	7.1269801 	14.78600025177002 	1508.199951171875 	38.074798583984375 	4.603859901428223 	28.4883
2015-01-19T16:49:59.999Z 	42023.701388888236 	42.9260715 	7.137835 	14.746000289916992 	1508.0999755859375 	38.0796012878418 	4.600200176239014 	28.4997
2015-01-19T16:54:59.999Z 	42023.704861110455 	42.9159511 	7.1487408 	14.670000076293945 	1507.9000244140625 	38.08599853515625 	4.592870235443115 	28.5223
2015-01-19T16:59:59.999Z 	42023.708333332674 	42.9057981 	7.1596139 	14.569000244140625 	1507.5 	38.096900939941406 	4.583310127258301 	28.5531
2015-01-19T17:04:59.999Z 	42023.71180555489 	42.8957592 	7.1707103 	14.51099967956543 	1507.300048828125 	38.101898193359375 	4.577809810638428 	28.5713
2015-01-19T17:09:59.999Z 	42023.71527777711 	42.8857534 	7.1817058 	14.394000053405762 	1507.0999755859375 	38.11109924316406 	4.566410064697266 	28.5975
2015-01-19T17:14:59.999Z 	42023.71874999933 	42.875878 	7.192521899999999 	14.392000198364258 	1507.0 	38.121700286865234 	4.5673298835754395 	28.6138
2015-01-19T17:19:59.999Z 	42023.72222222155 	42.8660274 	7.2032386 	14.21399974822998 	1506.4000244140625 	38.15629959106445 	4.55226993560791 	28.6788
2015-01-19T17:24:59.999Z 	42023.72569444377 	42.8560166 	7.2135489 	14.062000274658203 	1505.9000244140625 	38.178001403808594 	4.538529872894287 	28.734
2015-01-19T17:29:59.999Z 	42023.72916666599 	42.8462235 	7.2237817 	13.883000373840332 	1505.4000244140625 	38.208499908447266 	4.522860050201416 	28.792
2015-01-19T17:34:59.999Z 	42023.73263888821 	42.8364271 	7.2344459 	13.883999824523926 	1505.5 	38.209999084472656 	4.523169994354248 	28.7888
2015-01-19T17:39:59.999Z 	42023.736111110426 	42.8265997 	7.245353500000001 	13.96399974822998 	1505.800048828125 	38.19070053100586 	4.529580116271973 	28.7526
2015-01-19T17:44:59.999Z 	42023.739583332645 	42.8174561 	7.256167100000001 	13.954000473022461 	1505.699951171875 	38.19850158691406 	4.529369831085205 	28.7648
2015-01-19T17:49:59.999Z 	42023.74305555486 	42.8130829 	7.2683742 	13.902999877929688 	1505.5 	38.20930099487305 	4.525100231170654 	28.7825
2015-01-19T17:54:59.999Z 	42023.74652777708 	42.8145081 	7.2796401 	13.876999855041504 	1505.5 	38.21120071411133 	4.522550106048584 	28.7891
2015-01-19T17:59:59.999Z 	42023.7499999993 	42.8202955 	7.2883876 	13.845000267028809 	1505.300048828125 	38.21849822998047 	4.519909858703613 	28.8036
2015-01-19T18:04:59.999Z 	42023.75347222152 	42.8286212 	7.2924912 	13.812000274658203 	1505.300048828125 	38.22769927978516 	4.517469882965088 	28.8169
2015-01-19T18:09:59.999Z 	42023.75694444374 	42.8378724 	7.289961400000001 	13.78600025177002 	1505.199951171875 	38.23059844970703 	4.5150299072265625 	28.8233
2015-01-19T18:14:59.999Z 	42023.76041666596 	42.847163 	7.2798221000000005 	13.789999961853027 	1505.199951171875 	38.230899810791016 	4.515429973602295 	28.8201
2015-01-19T18:19:59.999Z 	42023.76388888818 	42.8563898 	7.268656400000001 	13.82800006866455 	1505.300048828125 	38.224998474121094 	4.518889904022217 	28.8092
2015-01-19T18:24:59.999Z 	42023.7673611104 	42.8660871 	7.2572319 	13.831999778747559 	1505.4000244140625 	38.225399017333984 	4.5192999839782715 	28.8082
2015-01-19T18:29:59.999Z 	42023.770833332615 	42.8760039 	7.2461178 	13.850000381469727 	1505.5 	38.21379852294922 	4.520009994506836 	28.7903
2015-01-19T18:34:59.999Z 	42023.774305554834 	42.8857809 	7.235446399999999 	14.059000015258789 	1506.0999755859375 	38.17219924926758 	4.537610054016113 	28.7117
2015-01-19T18:39:59.999Z 	42023.77777777705 	42.8957607 	7.224946100000001 	14.220000267028809 	1506.699951171875 	38.14020156860351 	4.551149845123291 	28.6503
2015-01-19T18:44:59.999Z 	42023.78124999927 	42.9058176 	7.2143656 	14.236000061035156 	1506.5999755859375 	38.13759994506836 	4.55256986618042 	28.6497
2015-01-19T18:49:59.999Z 	42023.78472222149 	42.9154774 	7.203753299999999 	14.371000289916992 	1507.0 	38.113800048828125 	4.564280033111572 	28.6025
2015-01-19T18:54:59.999Z 	42023.78819444371 	42.9251396 	7.193522799999999 	14.430999755859375 	1507.199951171875 	38.10689926147461 	4.5698699951171875 	28.586
2015-01-19T18:59:59.999Z 	42023.79166666593 	42.9349797 	7.1834979 	14.484999656677246 	1507.4000244140625 	38.10329818725586 	4.575160026550293 	28.5713
2015-01-19T19:04:59.999Z 	42023.79513888815 	42.9447065 	7.173491799999999 	14.482999801635742 	1507.300048828125 	38.101600646972656 	4.5747599601745605 	28.5723
2015-01-19T19:09:59.999Z 	42023.79861111037 	42.9542493 	7.163462899999999 	14.562999725341797 	1507.699951171875 	38.08810043334961 	4.581779956817627 	28.5355
2015-01-19T19:14:59.999Z 	42023.802083332586 	42.9639904 	7.1533353 	14.763999938964844 	1508.300048828125 	38.0713996887207 	4.60122013092041 	28.4799
2015-01-19T19:19:59.999Z 	42023.805555554805 	42.9737381 	7.1433339 	14.880000114440918 	1508.5999755859375 	38.0625 	4.612520217895508 	28.4506
2015-01-19T19:24:59.999Z 	42023.809027777024 	42.9837457 	7.1332963 	14.916999816894531 	1508.699951171875 	38.06230163574219 	4.616380214691162 	28.4454
2015-01-19T19:29:59.999Z 	42023.81249999924 	42.9939133 	7.1226596 	14.968000411987305 	1508.9000244140625 	38.05699920654297 	4.6211700439453125 	28.4288
2015-01-19T19:34:59.999Z 	42023.81597222146 	43.0041805 	7.1117711 	15.01099967956543 	1509.0 	38.05670166015625 	4.6257500648498535 	28.4203
2015-01-19T19:39:59.999Z 	42023.81944444368 	43.0141045 	7.1012959 	15.027999877929688 	1509.0 	38.05739974975586 	4.627580165863037 	28.4159
2015-01-19T19:44:59.999Z 	42023.8229166659 	43.0235495 	7.0914333 	15.020000457763672 	1509.0 	38.05889892578125 	4.626870155334473 	28.4212
2015-01-19T19:49:59.999Z 	42023.82638888812 	43.0337966 	7.0807165 	14.994999885559082 	1508.9000244140625 	38.06100082397461 	4.624529838562012 	28.4297
2015-01-19T19:54:59.999Z 	42023.82986111034 	43.0439372 	7.0702179 	14.979999542236328 	1508.9000244140625 	38.06269836425781 	4.6230998039245605 	28.4333
2015-01-19T19:59:59.999Z 	42023.83333333256 	43.0541422 	7.0595662 	14.963000297546387 	1508.800048828125 	38.06560134887695 	4.621570110321045 	28.4388
2015-01-19T20:04:59.999Z 	42023.836805554776 	43.0644103 	7.0488591 	14.932999610900879 	1508.699951171875 	38.0702018737793 	4.618929862976074 	28.4514
2015-01-19T20:09:59.999Z 	42023.840277776995 	43.0746122 	7.0382235 	14.89799976348877 	1508.5999755859375 	38.07379913330078 	4.615570068359375 	28.4607
2015-01-19T20:14:59.999Z 	42023.843749999214 	43.084529 	7.0276717 	14.866999626159668 	1508.5 	38.072601318359375 	4.612209796905518 	28.464
2015-01-19T20:19:59.999Z 	42023.84722222143 	43.0944066 	7.0169147 	14.866000175476074 	1508.5 	38.08150100708008 	4.613029956817627 	28.4736
2015-01-19T20:24:59.999Z 	42023.85069444365 	43.1042991 	7.0061669 	14.821000099182129 	1508.800048828125 	38.06909942626953 	4.606919765472412 	28.4432
2015-01-19T20:29:59.999Z 	42023.85416666587 	43.1141074 	6.9958876 	15.414999961853027 	1510.4000244140625 	38.0088005065918 	4.6633100509643555 	28.2802
2015-01-19T20:34:59.999Z 	42023.85763888809 	43.1244449 	6.9861315 	15.623000144958496 	1510.9000244140625 	38.00109863281249 	4.6844801902771 	28.2348
2015-01-19T20:39:59.999Z 	42023.86111111031 	43.1344214 	6.9755331 	15.604999542236328 	1510.800048828125 	37.99610137939453 	4.682040214538574 	28.2377
2015-01-19T20:44:59.999Z 	42023.86458333253 	43.144162 	6.9650186 	15.614999771118164 	1510.800048828125 	37.99789810180664 	4.683259963989258 	28.2385
2015-01-19T20:49:59.999Z 	42023.86805555475 	43.1540204 	6.9545552 	15.559000015258789 	1510.5999755859375 	38.00040054321289 	4.677559852600098 	28.2551
2015-01-19T20:54:59.999Z 	42023.871527776966 	43.1638342 	6.9438196 	15.57699966430664 	1510.800048828125 	38.000099182128906 	4.679490089416504 	28.2448
2015-01-19T20:59:59.999Z 	42023.874999999185 	43.1737696 	6.933389 	15.652000427246094 	1511.0 	37.99739837646484 	4.687129974365234 	28.227
2015-01-19T21:04:59.999Z 	42023.878472221404 	43.1834994 	6.924173 	15.71399974822998 	1511.199951171875 	37.99700164794922 	4.693640232086182 	28.2124
2015-01-19T21:09:59.999Z 	42023.88194444362 	43.1911188 	6.919762 	15.744000434875488 	1511.199951171875 	37.99409866333008 	4.696599960327148 	28.2041
2015-01-19T21:14:59.999Z 	42023.88541666584 	43.1986091 	6.9194001 	15.758999824523926 	1511.300048828125 	37.9922981262207 	4.697919845581055 	28.1993
2015-01-19T21:19:59.999Z 	42023.88888888806 	43.205429 	6.9227257 	15.765999794006348 	1511.300048828125 	37.990501403808594 	4.698530197143555 	28.1981
2015-01-19T21:24:59.999Z 	42023.89236111028 	43.209663 	6.9309858 	15.730999946594238 	1511.0999755859375 	37.98820114135742 	4.6945600509643555 	28.2067
2015-01-19T21:29:59.999Z 	42023.8958333325 	43.2101674 	6.9421964 	15.62399959564209 	1510.800048828125 	37.99209976196289 	4.683559894561768 	28.2333
2015-01-19T21:34:59.999Z 	42023.89930555472 	43.2071843 	6.9530066 	15.61400032043457 	1510.800048828125 	37.98929977416992 	4.682240009307861 	28.2332
2015-01-19T21:39:59.999Z 	42023.90277777694 	43.1996919 	6.9625907 	15.57800006866455 	1510.699951171875 	37.99760055541992 	4.679289817810059 	28.2454
2015-01-19T21:44:59.999Z 	42023.906249999156 	43.1897703 	6.9733209 	15.593000411987305 	1510.800048828125 	37.99599838256836 	4.6807098388671875 	28.2408
2015-01-19T21:49:59.999Z 	42023.909722221375 	43.1792675 	6.9846872 	15.586999893188477 	1510.800048828125 	37.99570083618164 	4.680099964141846 	28.2385
2015-01-19T21:54:59.999Z 	42023.913194443594 	43.1687723 	6.9958992 	15.654999732971191 	1510.9000244140625 	37.994998931884766 	4.687230110168457 	28.2284
2015-01-19T21:59:59.999Z 	42023.91666666581 	43.1582292 	7.0071171 	15.649999618530273 	1510.9000244140625 	38.00120162963867 	4.6873297691345215 	28.2357
2015-01-19T22:04:59.999Z 	42023.92013888803 	43.1477035 	7.0183208 	15.54800033569336 	1510.5999755859375 	38.00740051269531 	4.677149772644043 	28.2651
2015-01-19T22:09:59.999Z 	42023.92361111025 	43.1374533 	7.0291411 	15.404000282287598 	1510.199951171875 	38.01300048828125 	4.662590026855469 	28.2981
2015-01-19T22:14:59.999Z 	42023.92708333247 	43.1275214 	7.040136 	15.52400016784668 	1510.5999755859375 	38.00210189819336 	4.674099922180176 	28.2568
2015-01-19T22:19:59.999Z 	42023.93055555469 	43.1175178 	7.0512656 	15.57699966430664 	1510.5999755859375 	38.00659942626953 	4.680210113525391 	28.2612
2015-01-19T22:24:59.999Z 	42023.93402777691 	43.1075245 	7.0621777 	15.343000411987305 	1509.800048828125 	38.025901794433594 	4.657509803771973 	28.3389
2015-01-19T22:29:59.999Z 	42023.93749999913 	43.0973324 	7.0725239 	15.041999816894531 	1509.0 	38.05039978027344 	4.628290176391602 	28.4163
2015-01-19T22:34:59.999Z 	42023.940972221346 	43.0869648 	7.0831697 	14.940999984741211 	1508.699951171875 	38.06119918823242 	4.61883020401001 	28.4432
2015-01-19T22:39:59.999Z 	42023.944444443565 	43.0767457 	7.0940779 	14.88599967956543 	1508.5 	38.0702018737793 	4.6139397621154785 	28.4634
2015-01-19T22:44:59.999Z 	42023.947916665784 	43.0666852 	7.1051371 	14.918999671936035 	1508.699951171875 	38.0630989074707 	4.616690158843994 	28.4449
2015-01-19T22:49:59.999Z 	42023.951388888 	43.0561085 	7.1162969 	14.958999633789062 	1508.800048828125 	38.05459976196289 	4.619949817657471 	28.4285
2015-01-19T22:54:59.999Z 	42023.95486111022 	43.0454982 	7.1273812 	15.012999534606934 	1509.0 	38.04880142211914 	4.625030040740967 	28.4135
2015-01-19T22:59:59.999Z 	42023.95833333244 	43.0350564 	7.1382166 	15.045000076293945 	1509.0999755859375 	38.04869842529297 	4.628389835357666 	28.407
2015-01-19T23:04:59.999Z 	42023.96180555466 	43.0244607 	7.149032 	15.045000076293945 	1509.0999755859375 	38.04890060424805 	4.628499984741211 	28.4076
2015-01-19T23:09:59.999Z 	42023.96527777688 	43.0140156 	7.1603022 	15.053000450134277 	1509.0999755859375 	38.04899978637695 	4.629310131072998 	28.4045
2015-01-19T23:14:59.999Z 	42023.9687499991 	43.0036785 	7.171561700000001 	15.069000244140625 	1509.0999755859375 	38.05509948730469 	4.631649971008301 	28.4069
2015-01-19T23:19:59.999Z 	42023.97222222132 	42.9933105 	7.1826247 	14.984000205993652 	1508.699951171875 	38.05870056152344 	4.6230998039245605 	28.4377
2015-01-19T23:24:59.999Z 	42023.975694443536 	42.9827737 	7.1935722 	14.817000389099121 	1508.199951171875 	38.06869888305664 	4.606510162353516 	28.4835
2015-01-19T23:29:59.999Z 	42023.979166665755 	42.9724483 	7.204664599999999 	14.5600004196167 	1507.300048828125 	38.10319900512695 	4.583099842071533 	28.5774
2015-01-19T23:34:59.999Z 	42023.982638887974 	42.9625018 	7.215992999999999 	14.277000427246094 	1506.5999755859375 	38.14229965209961 	4.5573601722717285 	28.6543
2015-01-19T23:39:59.999Z 	42023.98611111019 	42.9528446 	7.227585600000001 	14.220999717712402 	1506.5 	38.13309860229492 	4.550539970397949 	28.6565
2015-01-19T23:44:59.999Z 	42023.98958333241 	42.9430624 	7.238843500000001 	14.206999778747559 	1506.4000244140625 	38.14189910888672 	4.549930095672607 	28.6714
2015-01-19T23:49:59.999Z 	42023.99305555463 	42.932903 	7.249257400000001 	14.032999992370605 	1505.800048828125 	38.16600036621094 	4.534150123596191 	28.7297
2015-01-19T23:54:59.999Z 	42023.99652777685 	42.922625 	7.2599203 	14.121999740600586 	1506.300048828125 	38.14870071411133 	4.541790008544922 	28.6837
2015-01-19T23:59:59.999Z 	42023.99999999907 	42.9121244 	7.2707151 					
