time 	latitude 	longitude 	water temperature 	water sound speed 	water salinity 	water conductivity 	anomaly of water mass density
2015-01-22T00:00:00.000Z 	42026.0 	43.1769421 	9.0903445 	14.531999588012695 	1507.5 	38.12030029296875 	4.581980228424072 	28.5792
2015-01-22T00:04:59.999Z 	42026.00347222222 	43.176933 	9.0903177 	14.526000022888184 	1507.4000244140625 	38.11980056762695 	4.581270217895508 	28.5807
2015-01-22T00:09:59.999Z 	42026.00694444444 	43.1769359 	9.090336 	14.541000366210938 	1507.4000244140625 	38.11989974975586 	4.582900047302246 	28.5828
2015-01-22T00:14:59.999Z 	42026.01041666666 	43.1769557 	9.0903346 	14.526000022888184 	1507.4000244140625 	38.11980056762695 	4.581270217895508 	28.5816
2015-01-22T00:19:59.999Z 	42026.013888888876 	43.1769241 	9.0903112 	14.527999877929688 	1507.5 	38.11940002441406 	4.581369876861572 	28.5783
2015-01-22T00:24:59.999Z 	42026.017361111095 	43.1769351 	9.0903256 	14.517000198364258 	1507.4000244140625 	38.122100830078125 	4.580560207366943 	28.5865
2015-01-22T00:29:59.999Z 	42026.020833333314 	43.176933 	9.0903358 	14.520000457763672 	1507.4000244140625 	38.12220001220703 	4.580860137939453 	28.5838
2015-01-22T00:34:59.999Z 	42026.02430555553 	43.1769391 	9.0903303 	14.524999618530273 	1507.4000244140625 	38.12239837646484 	4.581470012664795 	28.5844
2015-01-22T00:39:59.999Z 	42026.02777777775 	43.1769624 	9.090331 	14.510000228881836 	1507.300048828125 	38.12419891357422 	4.580049991607666 	28.5903
2015-01-22T00:44:59.999Z 	42026.03124999997 	43.1769475 	9.0903296 	14.510000228881836 	1507.4000244140625 	38.12419891357422 	4.580049991607666 	28.5896
2015-01-22T00:49:59.999Z 	42026.03472222219 	43.176929 	9.0903091 	14.505000114440918 	1507.300048828125 	38.125 	4.579539775848389 	28.5917
2015-01-22T00:54:59.999Z 	42026.03819444441 	43.1769457 	9.0903268 	14.5 	1507.4000244140625 	38.1244010925293 	4.5790300369262695 	28.5898
2015-01-22T00:59:59.999Z 	42026.04166666663 	43.1769481 	9.0903185 	14.48799991607666 	1507.300048828125 	38.127498626708984 	4.578120231628418 	28.5957
2015-01-22T01:04:59.999Z 	42026.04513888885 	43.1769318 	9.0903058 	14.461000442504883 	1507.199951171875 	38.124900817871094 	4.574960231781006 	28.6008
2015-01-22T01:09:59.999Z 	42026.048611111066 	43.1769596 	9.0903029 	14.446999549865723 	1507.199951171875 	38.12630081176758 	4.573639869689941 	28.6042
2015-01-22T01:14:59.999Z 	42026.052083333285 	43.1769044 	9.0904061 	14.461999893188477 	1507.199951171875 	38.123199462890625 	4.574860095977783 	28.5984
2015-01-22T01:19:59.999Z 	42026.055555555504 	43.1708508 	9.0965189 	14.520000457763672 	1507.4000244140625 	38.117401123046875 	4.580359935760498 	28.5803
2015-01-22T01:24:59.999Z 	42026.05902777772 	43.161323 	9.1060941 	14.835000038146973 	1508.5 	38.078399658203125 	4.60945987701416 	28.4712
2015-01-22T01:29:59.999Z 	42026.06249999994 	43.1504791 	9.1166999 	14.984000205993652 	1508.9000244140625 	38.06880187988281 	4.624120235443115 	28.4343
2015-01-22T01:34:59.999Z 	42026.06597222216 	43.1392892 	9.12717 	15.034000396728516 	1509.0 	38.070098876953125 	4.62962007522583 	28.4292
2015-01-22T01:39:59.999Z 	42026.06944444438 	43.128039 	9.1371365 	15.062999725341797 	1509.0999755859375 	38.06869888305664 	4.63247013092041 	28.4206
2015-01-22T01:44:59.999Z 	42026.0729166666 	43.1176336 	9.1468765 	15.062999725341797 	1509.0999755859375 	38.07059860229492 	4.632669925689697 	28.4239
2015-01-22T01:49:59.999Z 	42026.07638888882 	43.1099239 	9.15384 	15.085000038146973 	1509.199951171875 	38.07080078125 	4.635109901428223 	28.4194
2015-01-22T01:54:59.999Z 	42026.07986111104 	43.1071101 	9.1552767 	15.093000411987305 	1509.0999755859375 	38.067100524902344 	4.635519981384277 	28.4173
2015-01-22T01:59:59.999Z 	42026.083333333256 	43.1071099 	9.1552812 	15.081000328063965 	1509.0999755859375 	38.0702018737793 	4.6346001625061035 	28.4207
2015-01-22T02:04:59.999Z 	42026.086805555475 	43.1070954 	9.1552732 	15.086999893188477 	1509.199951171875 	38.07229995727539 	4.635419845581055 	28.4195
2015-01-22T02:09:59.999Z 	42026.090277777694 	43.1070827 	9.1552734 	15.07699966430664 	1509.0999755859375 	38.07229995727539 	4.634399890899658 	28.4225
2015-01-22T02:14:59.999Z 	42026.09374999991 	43.1070913 	9.1552761 	15.079999923706055 	1509.0999755859375 	38.06959915161133 	4.634399890899658 	28.4191
2015-01-22T02:19:59.999Z 	42026.09722222213 	43.1070932 	9.1552886 	15.079000473022461 	1509.199951171875 	38.06909942626953 	4.634200096130371 	28.4182
2015-01-22T02:24:59.999Z 	42026.10069444435 	43.1071002 	9.155279 	15.079999923706055 	1509.0999755859375 	38.06959915161133 	4.634399890899658 	28.4197
2015-01-22T02:29:59.999Z 	42026.10416666657 	43.1070921 	9.1552765 	15.081000328063965 	1509.199951171875 	38.069000244140625 	4.634399890899658 	28.4181
2015-01-22T02:34:59.999Z 	42026.10763888879 	43.1070952 	9.1552911 	15.07800006866455 	1509.0999755859375 	38.07170104980469 	4.634399890899658 	28.4214
2015-01-22T02:39:59.999Z 	42026.11111111101 	43.1070942 	9.1553029 	15.079000473022461 	1509.199951171875 	38.0713005065918 	4.634500026702881 	28.4201
2015-01-22T02:44:59.999Z 	42026.11458333323 	43.1071131 	9.1552756 	15.085000038146973 	1509.0999755859375 	38.06959915161133 	4.6349101066589355 	28.4191
2015-01-22T02:49:59.999Z 	42026.118055555446 	43.1070925 	9.155268 	15.083000183105469 	1509.0999755859375 	38.069801330566406 	4.634699821472168 	28.4198
2015-01-22T02:54:59.999Z 	42026.121527777665 	43.1071078 	9.1552853 	15.07699966430664 	1509.0999755859375 	38.06949996948242 	4.634089946746826 	28.4196
2015-01-22T02:59:59.999Z 	42026.12499999988 	43.1071043 	9.1552727 	15.079000473022461 	1509.0999755859375 	38.06909942626953 	4.634200096130371 	28.4186
2015-01-22T03:04:59.999Z 	42026.1284722221 	43.1071239 	9.1553148 	15.074000358581543 	1509.0999755859375 	38.0713005065918 	4.6339898109436035 	28.4225
2015-01-22T03:09:59.999Z 	42026.13194444432 	43.1071134 	9.1552796 	15.071999549865723 	1509.0999755859375 	38.06959915161133 	4.633590221405029 	28.421
2015-01-22T03:14:59.999Z 	42026.13541666654 	43.1071192 	9.1552792 	15.067999839782715 	1509.0999755859375 	38.06990051269531 	4.633180141448975 	28.4223
2015-01-22T03:19:59.999Z 	42026.13888888876 	43.1071186 	9.1552759 	15.076000213623047 	1509.0999755859375 	38.06930160522461 	4.6339898109436035 	28.4207
2015-01-22T03:24:59.999Z 	42026.14236111098 	43.1071215 	9.1552861 	15.093999862670898 	1509.0999755859375 	38.06829833984375 	4.6357197761535645 	28.4196
2015-01-22T03:29:59.999Z 	42026.1458333332 	43.1067622 	9.1538271 	15.071000099182129 	1509.0999755859375 	38.06999969482422 	4.633480072021484 	28.4221
2015-01-22T03:34:59.999Z 	42026.14930555542 	43.1068574 	9.1499333 	15.062000274658203 	1509.0999755859375 	38.0703010559082 	4.632569789886475 	28.4246
2015-01-22T03:39:59.999Z 	42026.152777777635 	43.1055415 	9.1446145 	15.0600004196167 	1509.0999755859375 	38.06949996948242 	4.632259845733643 	28.4245
2015-01-22T03:44:59.999Z 	42026.156249999854 	43.1017608 	9.1358154 	15.052000045776367 	1509.0999755859375 	38.06919860839844 	4.631350040435791 	28.4254
2015-01-22T03:49:59.999Z 	42026.15972222207 	43.0961496 	9.1257447 	15.060999870300293 	1509.0999755859375 	38.06719970703125 	4.632160186767578 	28.4228
2015-01-22T03:54:59.999Z 	42026.16319444429 	43.0881116 	9.1156762 	15.055000305175781 	1509.0999755859375 	38.068599700927734 	4.631649971008301 	28.4243
2015-01-22T03:59:59.999Z 	42026.16666666651 	43.0792322 	9.1047007 	15.053999900817871 	1509.0999755859375 	38.06809997558594 	4.631450176239014 	28.4238
2015-01-22T04:04:59.999Z 	42026.17013888873 	43.0696698 	9.0927819 	15.053999900817871 	1509.0999755859375 	38.06809997558594 	4.631450176239014 	28.4239
2015-01-22T04:09:59.999Z 	42026.17361111095 	43.0602474 	9.0801478 	15.052000045776367 	1509.0 	38.068500518798835 	4.631350040435791 	28.4266
2015-01-22T04:14:59.999Z 	42026.17708333317 	43.050602 	9.06611 	15.045000076293945 	1509.0999755859375 	38.06869888305664 	4.630630016326904 	28.425
2015-01-22T04:19:59.999Z 	42026.18055555539 	43.0408869 	9.0511857 	15.043000221252441 	1509.0 	38.06949996948242 	4.630430221557617 	28.4279
2015-01-22T04:24:59.999Z 	42026.18402777761 	43.0313757 	9.0364424 	15.03600025177002 	1509.0 	38.06589889526367 	4.629310131072998 	28.4292
2015-01-22T04:29:59.999Z 	42026.187499999825 	43.0217978 	9.0214707 	15.024999618530273 	1508.9000244140625 	38.06269836425781 	4.627779960632324 	28.4306
2015-01-22T04:34:59.999Z 	42026.190972222044 	43.0122031 	9.0062504 	14.968999862670898 	1508.800048828125 	38.06230163574219 	4.621880054473877 	28.4401
2015-01-22T04:39:59.999Z 	42026.19444444426 	43.0025982 	8.9909113 	14.920000076293945 	1508.5999755859375 	38.070899963378906 	4.617609977722168 	28.4617
2015-01-22T04:44:59.999Z 	42026.19791666648 	42.9930231 	8.9755209 	14.78600025177002 	1508.0 	38.091800689697266 	4.6057000160217285 	28.5146
2015-01-22T04:49:59.999Z 	42026.2013888887 	42.9829896 	8.9599924 	14.645000457763672 	1507.800048828125 	38.10559844970703 	4.592259883880615 	28.5468
2015-01-22T04:54:59.999Z 	42026.20486111092 	42.9727778 	8.9445232 	14.640000343322754 	1507.699951171875 	38.10219955444336 	4.591450214385986 	28.5449
2015-01-22T04:59:59.999Z 	42026.20833333314 	42.9625 	8.9291035 	14.673999786376953 	1507.9000244140625 	38.09489822387695 	4.594200134277344 	28.5279
2015-01-22T05:04:59.999Z 	42026.21180555536 	42.9522534 	8.9138504 	14.789999961853027 	1508.300048828125 	38.08110046386719 	4.604979991912842 	28.4895
2015-01-22T05:09:59.999Z 	42026.21527777758 	42.9420306 	8.8984412 	14.873000144958496 	1508.5 	38.07659912109375 	4.613230228424072 	28.4681
2015-01-22T05:14:59.999Z 	42026.218749999796 	42.9316936 	8.8826679 	14.9350004196167 	1508.699951171875 	38.065399169921875 	4.618619918823242 	28.4485
2015-01-22T05:19:59.999Z 	42026.222222222015 	42.921398 	8.8666354 	14.984000205993652 	1508.800048828125 	38.05870056152344 	4.6230998039245605 	28.4317
2015-01-22T05:24:59.999Z 	42026.225694444234 	42.9109329 	8.8501557 	14.993000030517578 	1508.800048828125 	38.055198669433594 	4.623610019683838 	28.4291
2015-01-22T05:29:59.999Z 	42026.22916666645 	42.9005805 	8.8336975 	14.935999870300293 	1508.5999755859375 	38.06380081176758 	4.6185197830200195 	28.4509
2015-01-22T05:34:59.999Z 	42026.23263888867 	42.8901494 	8.8171406 	14.932999610900879 	1508.699951171875 	38.06740188598633 	4.618619918823242 	28.4511
2015-01-22T05:39:59.999Z 	42026.23611111089 	42.8799113 	8.8006503 	14.901000022888184 	1508.5 	38.0713005065918 	4.615670204162598 	28.4646
2015-01-22T05:44:59.999Z 	42026.23958333311 	42.8695772 	8.783972 	14.74899959564209 	1508.0999755859375 	38.08829879760742 	4.601419925689697 	28.5085
2015-01-22T05:49:59.999Z 	42026.24305555533 	42.8591814 	8.7680016 	14.78499984741211 	1508.300048828125 	38.08489990234375 	4.604879856109619 	28.4924
2015-01-22T05:54:59.999Z 	42026.24652777755 	42.8482002 	8.7524966 	14.817999839782715 	1508.199951171875 	38.083099365234375 	4.608139991760254 	28.495
2015-01-22T05:59:59.999Z 	42026.24999999977 	42.8369644 	8.7373643 	14.871999740600586 	1508.5999755859375 	38.06589889526367 	4.6120100021362305 	28.4533
2015-01-22T06:04:59.999Z 	42026.253472221986 	42.8259604 	8.7220667 	15.031000137329102 	1509.0999755859375 	38.0630989074707 	4.628499984741211 	28.4193
2015-01-22T06:09:59.999Z 	42026.256944444205 	42.8151871 	8.7063351 	15.048999786376953 	1509.0 	38.05870056152344 	4.62992000579834 	28.4171
2015-01-22T06:14:59.999Z 	42026.260416666424 	42.8047069 	8.6904889 	15.003999710083008 	1508.9000244140625 	38.05289840698242 	4.624529838562012 	28.4242
2015-01-22T06:19:59.999Z 	42026.26388888864 	42.7942543 	8.674493 	14.986000061035156 	1508.9000244140625 	38.06769943237305 	4.62421989440918 	28.4368
2015-01-22T06:24:59.999Z 	42026.26736111086 	42.7837617 	8.6583473 	14.918000221252441 	1508.5999755859375 	38.07389831542969 	4.617710113525391 	28.4592
2015-01-22T06:29:59.999Z 	42026.27083333308 	42.7732172 	8.6423383 	14.925999641418457 	1508.699951171875 	38.064800262451165 	4.617609977722168 	28.4462
2015-01-22T06:34:59.999Z 	42026.2743055553 	42.7627609 	8.6266501 	14.947999954223633 	1508.699951171875 	38.064701080322266 	4.619949817657471 	28.443
2015-01-22T06:39:59.999Z 	42026.27777777752 	42.752615 	8.6114426 	14.923999786376953 	1508.5999755859375 	38.06399917602539 	4.617300033569336 	28.4493
2015-01-22T06:44:59.999Z 	42026.28124999974 	42.7427398 	8.5972963 	14.845999717712402 	1508.4000244140625 	38.06719970703125 	4.609360218048096 	28.4692
2015-01-22T06:49:59.999Z 	42026.28472222196 	42.7333406 	8.584457 	14.800999641418457 	1508.300048828125 	38.08150100708008 	4.606210231781006 	28.4885
2015-01-22T06:54:59.999Z 	42026.288194444176 	42.7265012 	8.5739086 	14.779999732971191 	1508.300048828125 	38.08570098876953 	4.6043701171875 	28.4953
2015-01-22T06:59:59.999Z 	42026.291666666395 	42.7215697 	8.5656049 	14.748000144958496 	1508.0999755859375 	38.08769989013672 	4.60122013092041 	28.5045
2015-01-22T07:04:59.999Z 	42026.295138888614 	42.7216243 	8.5605195 	14.73799991607666 	1508.0999755859375 	38.07929992675781 	4.599279880523682 	28.5002
2015-01-22T07:09:59.999Z 	42026.29861111083 	42.7236411 	8.5573953 	14.78499984741211 	1508.199951171875 	38.07830047607422 	4.604169845581055 	28.4959
2015-01-22T07:14:59.999Z 	42026.30208333305 	42.7274931 	8.5537723 	14.857000350952148 	1508.199951171875 	38.04899978637695 	4.608650207519531 	28.4701
2015-01-22T07:19:59.999Z 	42026.30555555527 	42.7339589 	8.5500465 	14.786999702453613 	1508.199951171875 	38.08259963989258 	4.604780197143555 	28.4978
2015-01-22T07:24:59.999Z 	42026.30902777749 	42.7415184 	8.5450423 	14.812999725341797 	1508.199951171875 	38.07659912109375 	4.606919765472412 	28.4879
2015-01-22T07:29:59.999Z 	42026.31249999971 	42.7489956 	8.538457 	14.77400016784668 	1508.0 	38.08169937133789 	4.603360176086426 	28.506
2015-01-22T07:34:59.999Z 	42026.31597222193 	42.7570887 	8.5309248 	14.668999671936035 	1507.800048828125 	38.08829879760742 	4.59296989440918 	28.5312
2015-01-22T07:39:59.999Z 	42026.31944444415 	42.765796 	8.5229024 	14.673999786376953 	1507.800048828125 	38.08259963989258 	4.592870235443115 	28.5227
2015-01-22T07:44:59.999Z 	42026.322916666366 	42.7746269 	8.5144886 	14.684000015258789 	1507.9000244140625 	38.08340072631836 	4.593989849090576 	28.5191
2015-01-22T07:49:59.999Z 	42026.326388888585 	42.7838808 	8.5053719 	14.699999809265137 	1507.9000244140625 	38.08879852294922 	4.596330165863037 	28.5218
2015-01-22T07:54:59.999Z 	42026.329861110804 	42.7933486 	8.4962705 	14.675999641418457 	1507.800048828125 	38.09280014038086 	4.594200134277344 	28.5331
2015-01-22T07:59:59.999Z 	42026.33333333302 	42.8033776 	8.4867228 	14.604000091552734 	1507.5999755859375 	38.10179901123047 	4.58758020401001 	28.5546
2015-01-22T08:04:59.999Z 	42026.33680555524 	42.8139185 	8.4767282 	14.494999885559082 	1507.199951171875 	38.11109924316406 	4.577099800109863 	28.5909
2015-01-22T08:09:59.999Z 	42026.34027777746 	42.8245435 	8.4666244 	14.36299991607666 	1506.800048828125 	38.13169860839844 	4.5652899742126465 	28.6321
2015-01-22T08:14:59.999Z 	42026.34374999968 	42.8350171 	8.4563625 	14.317000389099121 	1506.5999755859375 	38.13819885253906 	4.56112003326416 	28.6492
2015-01-22T08:19:59.999Z 	42026.3472222219 	42.8451856 	8.4453961 	14.428999900817871 	1507.0 	38.09469985961914 	4.568349838256836 	28.588
2015-01-22T08:24:59.999Z 	42026.35069444412 	42.8554216 	8.4344645 	14.416999816894531 	1507.0999755859375 	38.10710144042969 	4.568349838256836 	28.5937
2015-01-22T08:29:59.999Z 	42026.35416666634 	42.8659436 	8.4249399 	14.406000137329102 	1507.0 	38.11930084228516 	4.568550109863281 	28.6097
2015-01-22T08:34:59.999Z 	42026.357638888556 	42.8767616 	8.41573 	14.317000389099121 	1506.699951171875 	38.139198303222656 	4.561220169067383 	28.6458
2015-01-22T08:39:59.999Z 	42026.361111110775 	42.8873239 	8.4059009 	14.229999542236328 	1506.4000244140625 	38.14099884033203 	4.55226993560791 	28.666
2015-01-22T08:44:59.999Z 	42026.364583332994 	42.897464 	8.395822 	14.194999694824219 	1506.4000244140625 	38.144100189208984 	4.548910140991211 	28.673
2015-01-22T08:49:59.999Z 	42026.36805555521 	42.9079099 	8.3857538 	14.145999908447266 	1506.199951171875 	38.14419937133789 	4.543819904327393 	28.6857
2015-01-22T08:54:59.999Z 	42026.37152777743 	42.9186771 	8.3757816 	14.08899974822998 	1506.0 	38.14500045776367 	4.537919998168945 	28.7
2015-01-22T08:59:59.999Z 	42026.37499999965 	42.9291946 	8.3655795 	14.001999855041504 	1505.699951171875 	38.15829849243164 	4.5300798416137695 	28.7313
2015-01-22T09:04:59.999Z 	42026.37847222187 	42.9396877 	8.3552764 	13.902000427246094 	1505.4000244140625 	38.18399810791016 	4.522349834442139 	28.7703
2015-01-22T09:09:59.999Z 	42026.38194444409 	42.9501433 	8.3446749 	13.88599967956543 	1505.4000244140625 	38.18370056152344 	4.520619869232178 	28.7684
2015-01-22T09:14:59.999Z 	42026.38541666631 	42.9604059 	8.3340233 	13.911999702453613 	1505.5 	38.171199798583984 	4.522049903869629 	28.7528
2015-01-22T09:19:59.999Z 	42026.38888888853 	42.9710447 	8.324136 	13.944999694824219 	1505.5999755859375 	38.17169952392578 	4.525509834289551 	28.7482
2015-01-22T09:24:59.999Z 	42026.392361110746 	42.9817526 	8.3141826 	13.958999633789062 	1505.699951171875 	38.20009994506836 	4.529980182647705 	28.7635
2015-01-22T09:29:59.999Z 	42026.395833332965 	42.9922784 	8.3040684 	13.973999977111816 	1505.699951171875 	38.19240188598633 	4.530799865722656 	28.7555
2015-01-22T09:34:59.999Z 	42026.399305555184 	43.0025121 	8.2939473 	14.015000343322754 	1505.9000244140625 	38.17679977416992 	4.533440113067627 	28.7318
2015-01-22T09:39:59.999Z 	42026.4027777774 	43.0129719 	8.283779 	14.060999870300293 	1506.0 	38.16600036621094 	4.537109851837158 	28.7187
2015-01-22T09:44:59.999Z 	42026.40624999962 	43.0235384 	8.273719 	14.055999755859375 	1505.9000244140625 	38.1692008972168 	4.5370001792907715 	28.7236
2015-01-22T09:49:59.999Z 	42026.40972222184 	43.0339721 	8.2638069 	14.079999923706055 	1506.0999755859375 	38.167598724365234 	4.539340019226074 	28.7137
2015-01-22T09:54:59.999Z 	42026.41319444406 	43.0444082 	8.2538554 	14.098999977111816 	1506.0999755859375 	38.16889953613281 	4.54148006439209 	28.7104
2015-01-22T09:59:59.999Z 	42026.41666666628 	43.0547416 	8.2441689 	14.086999893188477 	1506.0 	38.17210006713867 	4.54056978225708 	28.7197
2015-01-22T10:04:59.999Z 	42026.4201388885 	43.064913 	8.2344729 	14.079999923706055 	1506.0 	38.17399978637695 	4.539949893951416 	28.7212
2015-01-22T10:09:59.999Z 	42026.42361111072 	43.0751735 	8.2246267 	14.102999687194824 	1506.0999755859375 	38.1692008972168 	4.5418901443481445 	28.7117
2015-01-22T10:14:59.999Z 	42026.427083332936 	43.0852564 	8.2141816 	14.13700008392334 	1506.199951171875 	38.15909957885742 	4.544429779052734 	28.6984
2015-01-22T10:19:59.999Z 	42026.430555555155 	43.0953831 	8.2040531 	14.159000396728516 	1506.199951171875 	38.15470123291016 	4.546259880065918 	28.6931
2015-01-22T10:24:59.999Z 	42026.43402777737 	43.1056395 	8.1943235 	14.14799976348877 	1506.199951171875 	38.15530014038086 	4.545139789581299 	28.6955
2015-01-22T10:29:59.999Z 	42026.43749999959 	43.115915 	8.1841968 	14.14799976348877 	1506.199951171875 	38.1515007019043 	4.544740200042725 	28.6891
2015-01-22T10:34:59.999Z 	42026.44097222181 	43.1260603 	8.1738395 	14.159000396728516 	1506.300048828125 	38.150901794433594 	4.5458598136901855 	28.6797
2015-01-22T10:39:59.999Z 	42026.44444444403 	43.1364616 	8.1640553 	14.152999877929688 	1506.300048828125 	38.15069961547851 	4.545249938964844 	28.6846
2015-01-22T10:44:59.999Z 	42026.44791666625 	43.1469313 	8.1542433 	14.142999649047852 	1506.199951171875 	38.149600982666016 	4.544020175933838 	28.6883
2015-01-22T10:49:59.999Z 	42026.45138888847 	43.157372 	8.1442105 	14.140000343322754 	1506.199951171875 	38.14950180053711 	4.54371976852417 	28.6891
2015-01-22T10:54:59.999Z 	42026.45486111069 	43.1675748 	8.1340568 	14.135000228881836 	1506.199951171875 	38.15349960327149 	4.5436201095581055 	28.6927
2015-01-22T10:59:59.999Z 	42026.45833333291 	43.1754391 	8.1197579 	14.121999740600586 	1506.0999755859375 	38.15549850463867 	4.542500019073486 	28.6989
2015-01-22T11:04:59.999Z 	42026.461805555125 	43.1824268 	8.1046302 	14.142999649047852 	1506.199951171875 	38.152801513671875 	4.544429779052734 	28.6887
2015-01-22T11:09:59.999Z 	42026.465277777344 	43.1893544 	8.0897981 	14.128999710083008 	1506.199951171875 	38.15010070800781 	4.542600154876709 	28.6886
2015-01-22T11:14:59.999Z 	42026.46874999956 	43.1963266 	8.074936 	14.144000053405762 	1506.300048828125 	38.14440155029297 	4.5436201095581055 	28.6803
2015-01-22T11:19:59.999Z 	42026.47222222178 	43.203529 	8.0605528 	14.187999725341797 	1506.4000244140625 	38.14339828491211 	4.548099994659424 	28.6677
2015-01-22T11:24:59.999Z 	42026.475694444 	43.210584 	8.0464763 	14.180000305175781 	1506.4000244140625 	38.14339828491211 	4.5472798347473145 	28.6712
2015-01-22T11:29:59.999Z 	42026.47916666622 	43.2175271 	8.0324063 	14.168000221252441 	1506.300048828125 	38.14469909667969 	4.5461602210998535 	28.6793
2015-01-22T11:34:59.999Z 	42026.48263888844 	43.2247304 	8.0181565 	14.154000282287598 	1506.300048828125 	38.14519882202149 	4.544740200042725 	28.6795
2015-01-22T11:39:59.999Z 	42026.48611111066 	43.2319131 	8.0039014 	14.164999961853027 	1506.199951171875 	38.14270019531249 	4.545650005340576 	28.68
2015-01-22T11:44:59.999Z 	42026.48958333288 	43.2390607 	7.989715399999999 	14.16100025177002 	1506.300048828125 	38.14500045776367 	4.545450210571289 	28.6768
2015-01-22T11:49:59.999Z 	42026.493055555096 	43.2462633 	7.9752963 	14.140999794006348 	1506.199951171875 	38.14910125732422 	4.543819904327393 	28.6914
2015-01-22T11:54:59.999Z 	42026.496527777315 	43.2535423 	7.9608161 	14.112000465393066 	1506.0999755859375 	38.15629959106445 	4.54148006439209 	28.703
2015-01-22T11:59:59.999Z 	42026.499999999534 	43.2606926 	7.946617799999999 	14.112000465393066 	1506.0999755859375 	38.15729904174805 	4.5415802001953125 	28.7036
2015-01-22T12:04:59.999Z 	42026.50347222175 	43.2677461 	7.9320078 	14.050999641418457 	1505.9000244140625 	38.166400909423835 	4.536190032958984 	28.7196
2015-01-22T12:09:59.999Z 	42026.50694444397 	43.2748638 	7.917348299999999 	14.081999778747559 	1506.0999755859375 	38.16419982910156 	4.539140224456787 	28.7109
2015-01-22T12:14:59.999Z 	42026.51041666619 	43.2821356 	7.9029344 	14.102999687194824 	1506.199951171875 	38.15769958496094 	4.540669918060303 	28.6983
2015-01-22T12:19:59.999Z 	42026.51388888841 	43.289565 	7.888649399999999 	14.1899995803833 	1506.4000244140625 	38.14519882202149 	4.548500061035156 	28.6707
2015-01-22T12:24:59.999Z 	42026.51736111063 	43.2969612 	7.8743112 	14.218999862670898 	1506.5 	38.135101318359375 	4.550539970397949 	28.6594
2015-01-22T12:29:59.999Z 	42026.52083333285 	43.303925 	7.8597548 	14.23900032043457 	1506.5 	38.13479995727539 	4.55256986618042 	28.6561
2015-01-22T12:34:59.999Z 	42026.52430555507 	43.3107917 	7.8448193 	14.218000411987305 	1506.4000244140625 	38.1338996887207 	4.55033016204834 	28.6601
2015-01-22T12:39:59.999Z 	42026.527777777286 	43.317971 	7.829976500000001 	14.159000396728516 	1506.199951171875 	38.13840103149414 	4.544529914855957 	28.6773
2015-01-22T12:44:59.999Z 	42026.531249999505 	43.3249665 	7.8151916 	14.152000427246094 	1506.300048828125 	38.14730072021484 	4.544740200042725 	28.6781
2015-01-22T12:49:59.999Z 	42026.534722221724 	43.3318764 	7.800760499999999 	14.246999740600586 	1506.5 	38.13869857788086 	4.553790092468262 	28.6576
2015-01-22T12:54:59.999Z 	42026.53819444394 	43.3389608 	7.7865114 	14.289999961853027 	1506.699951171875 	38.132999420166016 	4.557759761810303 	28.6406
2015-01-22T12:59:59.999Z 	42026.54166666616 	43.3459846 	7.7721729999999996 	14.380999565124512 	1507.0999755859375 	38.11180114746094 	4.565090179443359 	28.5967
2015-01-22T13:04:59.999Z 	42026.54513888838 	43.3530611 	7.7580281 	14.41100025177002 	1507.0999755859375 	38.11259841918945 	4.568349838256836 	28.5988
2015-01-22T13:09:59.999Z 	42026.5486111106 	43.3602926 	7.743487699999999 	14.47700023651123 	1507.300048828125 	38.110698699951165 	4.57505989074707 	28.5797
2015-01-22T13:14:59.999Z 	42026.55208333282 	43.3674139 	7.728765500000001 	14.519000053405762 	1507.800048828125 	38.10960006713867 	4.579440116882324 	28.5502
2015-01-22T13:19:59.999Z 	42026.55555555504 	43.3741837 	7.713666600000001 	14.810999870300293 	1508.4000244140625 	38.08330154418945 	4.6074299812316895 	28.48
2015-01-22T13:24:59.999Z 	42026.55902777726 	43.3815881 	7.6988075 	14.920999526977539 	1508.699951171875 	38.070499420166016 	4.617710113525391 	28.4491
2015-01-22T13:29:59.999Z 	42026.562499999476 	43.3891768 	7.6836764 	15.006999969482422 	1508.9000244140625 	38.06169891357422 	4.625850200653076 	28.4279
2015-01-22T13:34:59.999Z 	42026.565972221695 	43.3968475 	7.6688374 	15.008999824523926 	1508.9000244140625 	38.057498931884766 	4.625539779663086 	28.4237
2015-01-22T13:39:59.999Z 	42026.569444443914 	43.4046501 	7.654307300000001 	15.079000473022461 	1509.199951171875 	38.058799743652344 	4.633080005645752 	28.4071
2015-01-22T13:44:59.999Z 	42026.57291666613 	43.412578 	7.639702000000001 	15.11400032043457 	1509.300048828125 	38.05339813232422 	4.636229991912842 	28.3972
2015-01-22T13:49:59.999Z 	42026.57638888835 	43.4199454 	7.624537900000001 	15.137999534606934 	1509.300048828125 	38.05139923095703 	4.6385698318481445 	28.3911
2015-01-22T13:54:59.999Z 	42026.57986111057 	43.4269041 	7.6090944 	15.131999969482422 	1509.300048828125 	38.05179977416992 	4.637959957122803 	28.394
2015-01-22T13:59:59.999Z 	42026.58333333279 	43.4339924 	7.5934613 	15.128000259399414 	1509.300048828125 	38.05120086669922 	4.637450218200684 	28.3919
2015-01-22T14:04:59.999Z 	42026.58680555501 	43.4410732 	7.5777541 	15.151000022888184 	1509.4000244140625 	38.04890060424805 	4.639689922332764 	28.3859
2015-01-22T14:09:59.999Z 	42026.59027777723 	43.4482351 	7.5623611 	15.156999588012695 	1509.4000244140625 	38.04940032958984 	4.640399932861328 	28.3826
2015-01-22T14:14:59.999Z 	42026.59374999945 	43.4560005 	7.5473389 	15.173999786376953 	1509.4000244140625 	38.049198150634766 	4.642139911651611 	28.3807
2015-01-22T14:19:59.999Z 	42026.597222221666 	43.4637616 	7.5323436 	15.187999725341797 	1509.5 	38.04629898071289 	4.643360137939453 	28.374
2015-01-22T14:24:59.999Z 	42026.600694443885 	43.4713485 	7.517602900000001 	15.196999549865723 	1509.5 	38.04309844970703 	4.643970012664795 	28.3713
2015-01-22T14:29:59.999Z 	42026.604166666104 	43.4788733 	7.5026691 	15.192999839782715 	1509.5 	38.03850173950195 	4.642950057983398 	28.3678
2015-01-22T14:34:59.999Z 	42026.60763888832 	43.4864611 	7.487700499999999 	15.177000045776367 	1509.4000244140625 	38.03430175781249 	4.640810012817383 	28.3718
2015-01-22T14:39:59.999Z 	42026.61111111054 	43.4940354 	7.4729254 	15.16100025177002 	1509.4000244140625 	38.03379821777344 	4.639080047607422 	28.3732
2015-01-22T14:44:59.999Z 	42026.61458333276 	43.501667 	7.458218199999999 	15.166999816894531 	1509.4000244140625 	38.03810119628906 	4.640200138092041 	28.3747
2015-01-22T14:49:59.999Z 	42026.61805555498 	43.5090169 	7.443006099999999 	15.185999870300293 	1509.5 	38.03990173339844 	4.642439842224121 	28.372
2015-01-22T14:54:59.999Z 	42026.6215277772 	43.5160345 	7.427749799999999 	15.194000244140625 	1509.5 	38.03810119628906 	4.643050193786621 	28.3691
2015-01-22T14:59:59.999Z 	42026.62499999942 	43.5231893 	7.4128469 	15.218999862670898 	1509.5999755859375 	38.035400390625 	4.645390033721924 	28.361
2015-01-22T15:04:59.999Z 	42026.62847222164 	43.5304236 	7.397799 	15.232999801635742 	1509.5999755859375 	38.035301208496094 	4.646920204162598 	28.3571
2015-01-22T15:09:59.999Z 	42026.631944443856 	43.5375591 	7.382738400000001 	15.267999649047852 	1509.699951171875 	38.031700134277344 	4.650179862976074 	28.3475
2015-01-22T15:14:59.999Z 	42026.635416666075 	43.544952 	7.367982500000001 	15.281999588012695 	1509.800048828125 	38.02199935913086 	4.650579929351807 	28.3307
2015-01-22T15:19:59.999Z 	42026.638888888294 	43.5523411 	7.353229 	15.395000457763672 	1510.0999755859375 	38.01300048828125 	4.6615800857543945 	28.3029
2015-01-22T15:24:59.999Z 	42026.64236111051 	43.5593442 	7.3384895000000006 	15.461999893188477 	1510.300048828125 	38.01179885864258 	4.668600082397461 	28.2873
2015-01-22T15:29:59.999Z 	42026.64583333273 	43.5663365 	7.3242189 	15.484000205993652 	1510.4000244140625 	38.003299713134766 	4.669919967651367 	28.2761
2015-01-22T15:34:59.999Z 	42026.64930555495 	43.5737249 	7.312901700000001 	15.484000205993652 	1510.4000244140625 	38.00790023803711 	4.6704301834106445 	28.2748
2015-01-22T15:39:59.999Z 	42026.65277777717 	43.5809159 	7.309221 	15.585000038146973 	1510.699951171875 	37.9900016784668 	4.679190158843994 	28.2431
2015-01-22T15:44:59.999Z 	42026.65624999939 	43.5878275 	7.312558700000001 	15.604999542236328 	1510.699951171875 	37.98469924926758 	4.6807098388671875 	28.2355
2015-01-22T15:49:59.999Z 	42026.65972222161 	43.5924927 	7.3212863 	15.447999954223633 	1510.199951171875 	38.00630187988281 	4.666460037231445 	28.2895
2015-01-22T15:54:59.999Z 	42026.66319444383 	43.5939663 	7.3344757000000005 	15.347000122070312 	1509.9000244140625 	38.02439880371094 	4.657710075378418 	28.3263
2015-01-22T15:59:59.999Z 	42026.666666666046 	43.5948872 	7.3491142 	15.437999725341797 	1510.199951171875 	38.0099983215332 	4.6658501625061035 	28.2913
2015-01-22T16:04:59.999Z 	42026.670138888265 	43.5954186 	7.3639122 	15.376999855041504 	1510.0 	38.01639938354492 	4.660049915313721 	28.315
2015-01-22T16:09:59.999Z 	42026.673611110484 	43.5957616 	7.3789055 	15.270999908447266 	1509.5999755859375 	38.03269958496094 	4.650579929351807 	28.3535
2015-01-22T16:14:59.999Z 	42026.6770833327 	43.5965618 	7.3937864 	15.300000190734863 	1509.800048828125 	38.02629852294922 	4.653029918670654 	28.3391
2015-01-22T16:19:59.999Z 	42026.68055555492 	43.5972401 	7.4084389 	15.277999877929688 	1509.699951171875 	38.03839874267578 	4.652009963989258 	28.3501
2015-01-22T16:24:59.999Z 	42026.68402777714 	43.5964951 	7.4217656 	15.279999732971191 	1509.800048828125 	38.033599853515625 	4.651700019836426 	28.3455
2015-01-22T16:29:59.999Z 	42026.68749999936 	43.5931694 	7.4316283 	15.270999908447266 	1509.699951171875 	38.01620101928711 	4.648849964141846 	28.3321
2015-01-22T16:34:59.999Z 	42026.69097222158 	43.5871338 	7.4369025 	15.270000457763672 	1509.699951171875 	38.01559829711914 	4.648650169372559 	28.3347
2015-01-22T16:39:59.999Z 	42026.6944444438 	43.5796846 	7.4391134999999995 	15.217000007629395 	1509.5 	38.018699645996094 	4.643360137939453 	28.3524
2015-01-22T16:44:59.999Z 	42026.69791666602 	43.5716294 	7.437410300000001 	15.187999725341797 	1509.5 	38.02470016479492 	4.641019821166992 	28.358
2015-01-22T16:49:59.999Z 	42026.701388888236 	43.5642332 	7.429778200000001 	15.23799991607666 	1509.5999755859375 	38.03810119628906 	4.647729873657227 	28.3576
2015-01-22T16:54:59.999Z 	42026.704861110455 	43.5576611 	7.4151434 	15.223999977111816 	1509.5 	38.043800354003906 	4.646820068359375 	28.3757
2015-01-22T16:59:59.999Z 	42026.708333332674 	43.5500682 	7.4005688 	15.1850004196167 	1509.4000244140625 	38.03559875488281 	4.641829967498779 	28.3699
2015-01-22T17:04:59.999Z 	42026.71180555489 	43.5425434 	7.385937599999999 	15.208000183105469 	1509.5999755859375 	38.0349006652832 	4.644169807434082 	28.3596
2015-01-22T17:09:59.999Z 	42026.71527777711 	43.5354413 	7.3707754 	15.244000434875488 	1509.5999755859375 	38.03110122680664 	4.647630214691162 	28.3527
2015-01-22T17:14:59.999Z 	42026.71874999933 	43.5281059 	7.3557381 	15.270999908447266 	1509.800048828125 	38.01520156860351 	4.648749828338623 	28.3235
2015-01-22T17:19:59.999Z 	42026.72222222155 	43.520797 	7.340947300000001 	15.390999794006348 	1510.0999755859375 	38.016300201416016 	4.6615800857543945 	28.3027
2015-01-22T17:24:59.999Z 	42026.72569444377 	43.5133848 	7.326249100000001 	15.454999923706055 	1510.300048828125 	38.00270080566406 	4.6668701171875 	28.2764
2015-01-22T17:29:59.999Z 	42026.72916666599 	43.5058848 	7.3115809 	15.515999794006348 	1510.5 	37.999900817871094 	4.672979831695557 	28.2661
2015-01-22T17:34:59.999Z 	42026.73263888821 	43.4986708 	7.2968097 	15.517999649047852 	1510.5 	37.99509811401367 	4.672669887542725 	28.2597
2015-01-22T17:39:59.999Z 	42026.736111110426 	43.4916969 	7.2821968 	15.489999771118164 	1510.300048828125 	37.99729919433594 	4.669919967651367 	28.2717
2015-01-22T17:44:59.999Z 	42026.739583332645 	43.484728 	7.2676377 	15.381999969482422 	1509.9000244140625 	38.01259994506836 	4.660150051116943 	28.3148
2015-01-22T17:49:59.999Z 	42026.74305555486 	43.4770093 	7.252810700000001 	15.262999534606934 	1509.800048828125 	38.024200439453125 	4.648849964141846 	28.3372
2015-01-22T17:54:59.999Z 	42026.74652777708 	43.4689047 	7.2380717 	15.61299991607666 	1510.9000244140625 	37.97880172729492 	4.6810197830200195 	28.2171
2015-01-22T17:59:59.999Z 	42026.7499999993 	43.4615198 	7.2227423 	15.680999755859375 	1510.9000244140625 	37.979698181152344 	4.6882500648498535 	28.213
2015-01-22T18:04:59.999Z 	42026.75347222152 	43.4542784 	7.2072302 	15.666999816894531 	1510.9000244140625 	37.97439956665039 	4.6862101554870605 	28.2139
2015-01-22T18:09:59.999Z 	42026.75694444374 	43.4470813 	7.191955900000001 	15.663000106811523 	1510.9000244140625 	37.972801208496094 	4.6855998039245605 	28.2121
2015-01-22T18:14:59.999Z 	42026.76041666596 	43.4398564 	7.1766532 	15.657999992370605 	1510.9000244140625 	37.97560119628906 	4.685400009155273 	28.2158
2015-01-22T18:19:59.999Z 	42026.76388888818 	43.4321412 	7.1613226 	15.630000114440918 	1510.5 	37.987998962402344 	4.683770179748535 	28.2545
2015-01-22T18:24:59.999Z 	42026.7673611104 	43.4244975 	7.1468795 	15.470000267028809 	1510.300048828125 	38.010101318359375 	4.669209957122803 	28.283
2015-01-22T18:29:59.999Z 	42026.770833332615 	43.416951 	7.1325281 	15.470000267028809 	1510.300048828125 	38.008201599121094 	4.669010162353516 	28.2816
2015-01-22T18:34:59.999Z 	42026.774305554834 	43.4093446 	7.1178149 	15.503999710083008 	1510.4000244140625 	38.00279998779297 	4.672060012817383 	28.272
2015-01-22T18:39:59.999Z 	42026.77777777705 	43.4018393 	7.1031759 	15.479999542236328 	1510.300048828125 	38.00189971923828 	4.669410228729248 	28.2778
2015-01-22T18:44:59.999Z 	42026.78124999927 	43.394562 	7.0888649 	15.37399959564209 	1510.0 	38.01250076293945 	4.659339904785156 	28.3122
2015-01-22T18:49:59.999Z 	42026.78472222149 	43.3869269 	7.0742614 	15.321999549865723 	1509.9000244140625 	38.01139831542969 	4.653739929199219 	28.3161
2015-01-22T18:54:59.999Z 	42026.78819444371 	43.3793318 	7.0591167 	15.378000259399414 	1510.0 	38.007598876953125 	4.659239768981934 	28.3021
2015-01-22T18:59:59.999Z 	42026.79166666593 	43.3720917 	7.0438951 	15.444000244140625 	1510.300048828125 	38.00400161743164 	4.6658501625061035 	28.2819
2015-01-22T19:04:59.999Z 	42026.79513888815 	43.3648982 	7.0284792 	15.48799991607666 	1510.4000244140625 	37.9995002746582 	4.670030117034912 	28.2725
2015-01-22T19:09:59.999Z 	42026.79861111037 	43.357485 	7.0129127 	15.482000350952148 	1510.4000244140625 	38.004600524902344 	4.669919967651367 	28.2776
2015-01-22T19:14:59.999Z 	42026.802083332586 	43.3499881 	6.9981692 	15.454999923706055 	1510.300048828125 	38.00920104980469 	4.6675801277160645 	28.2832
2015-01-22T19:19:59.999Z 	42026.805555554805 	43.3425466 	6.9834707 	15.472000122070312 	1510.300048828125 	38.00529861450195 	4.668910026550293 	28.2788
2015-01-22T19:24:59.999Z 	42026.809027777024 	43.3350908 	6.9686895 	15.430999755859375 	1510.0999755859375 	38.00740051269531 	4.664830207824707 	28.2958
2015-01-22T19:29:59.999Z 	42026.81249999924 	43.3271759 	6.9539703 	15.576000213623047 	1510.699951171875 	37.988399505615234 	4.678070068359375 	28.2399
2015-01-22T19:34:59.999Z 	42026.81597222146 	43.3195666 	6.9386866 	15.585000038146973 	1510.699951171875 	37.989398956298835 	4.679190158843994 	28.239
2015-01-22T19:39:59.999Z 	42026.81944444368 	43.3129078 	6.926491 	15.592000007629395 	1510.699951171875 	37.99290084838867 	4.680309772491455 	28.2406
2015-01-22T19:44:59.999Z 	42026.8229166659 	43.3047573 	6.9195018 	15.593000411987305 	1510.699951171875 	37.99409866333008 	4.6805100440979 	28.241
2015-01-22T19:49:59.999Z 	42026.82638888812 	43.2954031 	6.9177115 	15.585000038146973 	1510.699951171875 	37.99470138549805 	4.679699897766113 	28.2438
2015-01-22T19:54:59.999Z 	42026.82986111034 	43.2865003 	6.9217417 	15.564000129699707 	1510.5999755859375 	37.99599838256836 	4.67765998840332 	28.2494
2015-01-22T19:59:59.999Z 	42026.83333333256 	43.2797721 	6.9311278 	15.529000282287598 	1510.5 	37.992801666259766 	4.673590183258057 	28.259
2015-01-22T20:04:59.999Z 	42026.836805554776 	43.2748448 	6.9428775 	15.406999588012695 	1510.199951171875 	38.006500244140625 	4.662189960479736 	28.2923
2015-01-22T20:09:59.999Z 	42026.840277776995 	43.2699239 	6.9538427 	15.402000427246094 	1510.0999755859375 	38.01380157470703 	4.662390232086182 	28.3009
2015-01-22T20:14:59.999Z 	42026.843749999214 	43.2665813 	6.9645688 	15.282999992370605 	1509.699951171875 	38.027198791503906 	4.651299953460693 	28.3444
2015-01-22T20:19:59.999Z 	42026.84722222143 	43.2670491 	6.974918 	15.192999839782715 	1509.5 	38.037498474121094 	4.642849922180176 	28.3698
2015-01-22T20:24:59.999Z 	42026.85069444365 	43.2701619 	6.9844254 	15.112000465393066 	1509.0999755859375 	38.04610061645508 	4.635210037231445 	28.3995
2015-01-22T20:29:59.999Z 	42026.85416666587 	43.2762424 	6.9957066 	14.946999549865723 	1508.5999755859375 	38.05289840698242 	4.6185197830200195 	28.4434
2015-01-22T20:34:59.999Z 	42026.85763888809 	43.2827614 	7.0090914 	14.904999732971191 	1508.5999755859375 	38.04999923706055 	4.613739967346191 	28.4377
2015-01-22T20:39:59.999Z 	42026.86111111031 	43.2894805 	7.0226621 	14.92199993133545 	1508.699951171875 	38.05659866333008 	4.6162800788879395 	28.4422
2015-01-22T20:44:59.999Z 	42026.86458333253 	43.2962616 	7.0359942 	14.98799991607666 	1509.0 	38.05619812011719 	4.623199939727783 	28.4189
2015-01-22T20:49:59.999Z 	42026.86805555475 	43.3028307 	7.04906 	15.161999702453613 	1509.4000244140625 	38.04069900512695 	4.639900207519531 	28.3755
2015-01-22T20:54:59.999Z 	42026.871527776966 	43.3094204 	7.0628088 	15.161999702453613 	1509.4000244140625 	38.04159927368164 	4.639999866485596 	28.3748
2015-01-22T20:59:59.999Z 	42026.874999999185 	43.3164242 	7.0764466 	15.227999687194824 	1509.5999755859375 	38.0369987487793 	4.646510124206543 	28.3583
2015-01-22T21:04:59.999Z 	42026.878472221404 	43.3234394 	7.0902733 	15.26099967956543 	1509.699951171875 	38.03459930419922 	4.6497697830200195 	28.3489
2015-01-22T21:09:59.999Z 	42026.88194444362 	43.3304162 	7.1045709 	15.312999725341797 	1509.9000244140625 	38.02949905395508 	4.654759883880615 	28.3326
2015-01-22T21:14:59.999Z 	42026.88541666584 	43.3373412 	7.1191339 	15.36400032043457 	1510.0999755859375 	38.02259826660156 	4.659339904785156 	28.3134
2015-01-22T21:19:59.999Z 	42026.88888888806 	43.3442652 	7.1333687 	15.416000366210938 	1510.199951171875 	38.01559829711914 	4.664120197296143 	28.299
2015-01-22T21:24:59.999Z 	42026.89236111028 	43.3515828 	7.1475699 	15.418999671936035 	1510.199951171875 	38.014801025390625 	4.664330005645752 	28.2992
2015-01-22T21:29:59.999Z 	42026.8958333325 	43.3590656 	7.1619313 	15.402000427246094 	1510.0999755859375 	38.01219940185547 	4.662290096282959 	28.3006
2015-01-22T21:34:59.999Z 	42026.89930555472 	43.3662495 	7.176097599999999 	15.392000198364258 	1510.199951171875 	38.01100158691406 	4.661069869995117 	28.2967
2015-01-22T21:39:59.999Z 	42026.90277777694 	43.3730345 	7.190200400000001 	15.458999633789062 	1510.300048828125 	38.0088996887207 	4.667990207672119 	28.2817
2015-01-22T21:44:59.999Z 	42026.906249999156 	43.3797738 	7.204558800000001 	15.493000030517578 	1510.4000244140625 	38.00859832763672 	4.671450138092041 	28.2749
2015-01-22T21:49:59.999Z 	42026.909722221375 	43.3870551 	7.2182389 	15.489999771118164 	1510.4000244140625 	38.00680160522461 	4.671040058135986 	28.2746
2015-01-22T21:54:59.999Z 	42026.913194443594 	43.3942473 	7.2319422 	15.491000175476074 	1510.4000244140625 	38.00619888305664 	4.671040058135986 	28.2735
2015-01-22T21:59:59.999Z 	42026.91666666581 	43.4012466 	7.2465572 	15.494000434875488 	1510.4000244140625 	38.005401611328125 	4.671249866485596 	28.2726
2015-01-22T22:04:59.999Z 	42026.92013888803 	43.4082482 	7.2614346 	15.496999740600586 	1510.4000244140625 	38.00389862060547 	4.671450138092041 	28.2701
2015-01-22T22:09:59.999Z 	42026.92361111025 	43.4151801 	7.2759956 	15.491000175476074 	1510.4000244140625 	38.00429916381836 	4.670839786529541 	28.2716
2015-01-22T22:14:59.999Z 	42026.92708333247 	43.4223867 	7.2901761 	15.508000373840332 	1510.5 	38.00410079956055 	4.67257022857666 	28.269
2015-01-22T22:19:59.999Z 	42026.93055555469 	43.4296342 	7.304365600000001 	15.47599983215332 	1510.4000244140625 	38.00040054321289 	4.668799877166748 	28.2726
2015-01-22T22:24:59.999Z 	42026.93402777691 	43.4367183 	7.318484600000001 	15.413999557495117 	1510.0999755859375 	38.00550079345703 	4.662799835205078 	28.2932
2015-01-22T22:29:59.999Z 	42026.93749999913 	43.443684 	7.332559 	15.343999862670898 	1509.9000244140625 	38.013301849365234 	4.656280040740967 	28.3171
2015-01-22T22:34:59.999Z 	42026.940972221346 	43.4509623 	7.346612100000001 	15.246000289916992 	1509.5999755859375 	38.02600097656249 	4.647220134735107 	28.3468
2015-01-22T22:39:59.999Z 	42026.944444443565 	43.458427 	7.3606117 	15.234000205993652 	1509.5999755859375 	38.03279876708984 	4.646719932556152 	28.3567
2015-01-22T22:44:59.999Z 	42026.947916665784 	43.4657066 	7.3747842 	15.168000221252441 	1509.4000244140625 	38.03300094604492 	4.639790058135986 	28.3716
2015-01-22T22:49:59.999Z 	42026.951388888 	43.47285 	7.389278899999999 	15.14900016784668 	1509.300048828125 	38.033100128173835 	4.637760162353516 	28.3748
2015-01-22T22:54:59.999Z 	42026.95486111022 	43.4800105 	7.403499799999999 	15.131999969482422 	1509.300048828125 	38.03710174560547 	4.636429786682129 	28.3811
2015-01-22T22:59:59.999Z 	42026.95833333244 	43.4868373 	7.417774699999999 	15.107000350952148 	1509.199951171875 	38.04610061645508 	4.634699821472168 	28.3945
2015-01-22T23:04:59.999Z 	42026.96180555466 	43.4938082 	7.432215900000001 	15.114999771118164 	1509.300048828125 	38.052101135253906 	4.636229991912842 	28.3938
2015-01-22T23:09:59.999Z 	42026.96527777688 	43.5005983 	7.4467221 	15.149999618530273 	1509.300048828125 	38.050498962402344 	4.639790058135986 	28.3894
2015-01-22T23:14:59.999Z 	42026.9687499991 	43.5074645 	7.460726799999999 	15.020000457763672 	1509.0 	38.05229949951172 	4.626150131225586 	28.4155
2015-01-22T23:19:59.999Z 	42026.97222222132 	43.5142948 	7.4742274 	15.038000106811523 	1509.0 	38.05099868774414 	4.627989768981934 	28.4121
2015-01-22T23:24:59.999Z 	42026.975694443536 	43.5204177 	7.4884437 	15.012999534606934 	1508.9000244140625 	38.0525016784668 	4.6254401206970215 	28.4193
2015-01-22T23:29:59.999Z 	42026.979166665755 	43.5219489 	7.5002836 	15.001999855041504 	1508.9000244140625 	38.05699920654297 	4.6248297691345215 	28.4276
2015-01-22T23:34:59.999Z 	42026.982638887974 	43.5192253 	7.5106239 	14.998000144958496 	1508.9000244140625 	38.065799713134766 	4.625339984893799 	28.4359
2015-01-22T23:39:59.999Z 	42026.98611111019 	43.5117681 	7.519823400000001 	14.979000091552734 	1508.800048828125 	38.072601318359375 	4.624020099639893 	28.4447
2015-01-22T23:44:59.999Z 	42026.98958333241 	43.5034428 	7.529026899999999 	14.942999839782715 	1508.800048828125 	38.06449890136719 	4.619339942932129 	28.4405
2015-01-22T23:49:59.999Z 	42026.99305555463 	43.4954923 	7.5366952 	15.005000114440918 	1509.0 	38.05149841308594 	4.624529838562012 	28.417
2015-01-22T23:54:59.999Z 	42026.99652777685 	43.4870701 	7.5395026 	15.04699993133545 	1509.0999755859375 	38.04949951171875 	4.628699779510498 	28.4064
2015-01-22T23:59:59.999Z 	42026.99999999907 	43.4789073 	7.535597000000001 					
