time 	latitude 	longitude 	water temperature 	water sound speed 	water salinity 	water conductivity 	anomaly of water mass density
2015-01-09T20:00:00.000Z 	42013.833333333336 	43.0727143 	5.9687513 	15.746999740600586 	1512.300048828125 	37.845401763916016 	4.74576997756958 	27.9974
2015-01-09T20:05:00.000Z 	42013.836805555555 	43.0581284 	5.9665828 	15.61299991607666 	1512.0 	37.95059967041016 	4.725200176239014 	28.1094
2015-01-09T20:09:59.999Z 	42013.840277777774 	43.0511225 	5.9529941 	15.732999801635742 	1512.4000244140625 	37.95970153808594 	4.738739967346191 	28.0885
2015-01-09T20:14:59.999Z 	42013.84374999999 	43.0474922 	5.9364908 	15.713000297546387 	1512.300048828125 	37.96179962158203 	4.739560127258301 	28.0948
2015-01-09T20:19:59.999Z 	42013.84722222221 	43.0436995 	5.9194863 	15.687999725341797 	1512.300048828125 	37.9651985168457 	4.737619876861572 	28.1032
2015-01-09T20:24:59.999Z 	42013.85069444443 	43.0398571 	5.9024512 	15.720999717712402 	1512.4000244140625 	37.96820068359375 	4.739250183105469 	28.0979
2015-01-09T20:29:59.999Z 	42013.85416666665 	43.0355193 	5.8853615 	15.732000350952148 	1512.4000244140625 	37.972900390625 	4.741600036621094 	28.0991
2015-01-09T20:34:59.999Z 	42013.85763888887 	43.0322669 	5.8685768 	15.690999984741211 	1512.300048828125 	37.975101470947266 	4.738639831542969 	28.1102
2015-01-09T20:39:59.999Z 	42013.86111111109 	43.0338416 	5.852115 	15.670999526977539 	1512.199951171875 	37.97719955444336 	4.735690116882324 	28.1165
2015-01-09T20:44:59.999Z 	42013.86458333331 	43.0359395 	5.8359174 	15.62399959564209 	1512.0999755859375 	37.980499267578125 	4.731410026550293 	28.1299
2015-01-09T20:49:59.999Z 	42013.868055555526 	43.0380746 	5.819683 	15.588000297546387 	1512.0 	37.9817008972168 	4.728360176086426 	28.1391
2015-01-09T20:54:59.999Z 	42013.871527777745 	43.0419253 	5.8037816 	15.59000015258789 	1512.0 	37.984901428222656 	4.728050231933594 	28.1412
2015-01-09T20:59:59.999Z 	42013.87499999996 	43.0452764 	5.7868491 	15.579999923706055 	1512.0 	37.987701416015625 	4.726630210876465 	28.1456
2015-01-09T21:04:59.999Z 	42013.87847222218 	43.0489026 	5.7703135 	15.59000015258789 	1512.0 	37.98740005493164 	4.727749824523926 	28.1431
2015-01-09T21:09:59.999Z 	42013.8819444444 	43.0532226 	5.7536495 	15.574999809265137 	1511.9000244140625 	37.989898681640625 	4.72845983505249 	28.1485
2015-01-09T21:14:59.999Z 	42013.88541666662 	43.057503 	5.7364986 	15.416000366210938 	1511.4000244140625 	37.98199844360351 	4.7117600440979 	28.1788
2015-01-09T21:19:59.999Z 	42013.88888888884 	43.0616792 	5.7190002 	15.369000434875488 	1511.300048828125 	37.98310089111328 	4.70382022857666 	28.1906
2015-01-09T21:24:59.999Z 	42013.89236111106 	43.0657119 	5.7011068 	15.5 	1511.699951171875 	37.97800064086914 	4.716040134429932 	28.1564
2015-01-09T21:29:59.999Z 	42013.89583333328 	43.0698742 	5.6836505 	15.529000282287598 	1511.800048828125 	37.98030090332031 	4.719709873199463 	28.1517
2015-01-09T21:34:59.999Z 	42013.8993055555 	43.0740604 	5.666456 	15.564000129699707 	1511.9000244140625 	37.98139953613281 	4.722660064697266 	28.1445
2015-01-09T21:39:59.999Z 	42013.902777777716 	43.0783357 	5.6496304 	15.621000289916992 	1512.0999755859375 	37.987300872802734 	4.729479789733887 	28.1359
2015-01-09T21:44:59.999Z 	42013.906249999935 	43.0824214 	5.6318321 	15.633999824523926 	1512.0999755859375 	37.98740005493164 	4.73130989074707 	28.1328
2015-01-09T21:49:59.999Z 	42013.90972222215 	43.0862796 	5.6136399 	15.626999855041504 	1512.0999755859375 	37.98870086669922 	4.73130989074707 	28.1356
2015-01-09T21:54:59.999Z 	42013.91319444437 	43.0900413 	5.5952782 	15.616000175476074 	1512.0999755859375 	37.9900016784668 	4.730289936065674 	28.139
2015-01-09T21:59:59.999Z 	42013.91666666659 	43.0936671 	5.5768546 	15.62399959564209 	1512.0999755859375 	37.98899841308594 	4.730909824371338 	28.1364
2015-01-09T22:04:59.999Z 	42013.92013888881 	43.0970764 	5.5589135 	15.607999801635742 	1512.0 	37.98870086669922 	4.73130989074707 	28.1399
2015-01-09T22:09:59.999Z 	42013.92361111103 	43.1011669 	5.5408355 	15.531999588012695 	1511.800048828125 	37.99190139770508 	4.721640110015869 	28.1598
2015-01-09T22:14:59.999Z 	42013.92708333325 	43.1058651 	5.5225683 	15.539999961853027 	1511.800048828125 	37.99150085449219 	4.723269939422607 	28.1578
2015-01-09T22:19:59.999Z 	42013.93055555547 	43.1100885 	5.5042355 	15.53499984741211 	1511.800048828125 	37.99319839477539 	4.723169803619385 	28.1602
2015-01-09T22:24:59.999Z 	42013.93402777769 	43.1143187 	5.4859854 	15.517999649047852 	1511.800048828125 	37.996299743652344 	4.720829963684082 	28.1666
2015-01-09T22:29:59.999Z 	42013.937499999905 	43.1185839 	5.467599 	15.515000343322754 	1511.800048828125 	37.992401123046875 	4.719299793243408 	28.1641
2015-01-09T22:34:59.999Z 	42013.940972222124 	43.1229246 	5.4491832 	15.545999526977539 	1511.800048828125 	37.98899841308594 	4.722559928894043 	28.1544
2015-01-09T22:39:59.999Z 	42013.94444444434 	43.1273843 	5.4307636 	15.538000106811523 	1511.800048828125 	37.99520111083984 	4.723680019378662 	28.161
2015-01-09T22:44:59.999Z 	42013.94791666656 	43.1319194 	5.4121933 	15.472000122070312 	1511.5999755859375 	37.99919891357422 	4.719910144805908 	28.1794
2015-01-09T22:49:59.999Z 	42013.95138888878 	43.1362893 	5.3936436 	15.406999588012695 	1511.4000244140625 	37.98759841918945 	4.707590103149414 	28.1853
2015-01-09T22:54:59.999Z 	42013.954861111 	43.1407439 	5.3751166 	15.439000129699707 	1511.5 	37.991600036621094 	4.711150169372559 	28.1809
2015-01-09T22:59:59.999Z 	42013.95833333322 	43.1454606 	5.3563489 	15.409000396728516 	1511.4000244140625 	37.99480056762695 	4.7103400230407715 	28.1903
2015-01-09T23:04:59.999Z 	42013.96180555544 	43.1499317 	5.3375321 	15.401000022888184 	1511.4000244140625 	37.987998962402344 	4.707489967346191 	28.187
2015-01-09T23:09:59.999Z 	42013.96527777766 	43.1535031 	5.3182145 	15.376999855041504 	1511.300048828125 	37.99150085449219 	4.704229831695557 	28.1951
2015-01-09T23:14:59.999Z 	42013.968749999876 	43.157943 	5.2992868 	15.41100025177002 	1511.4000244140625 	37.99190139770508 	4.708199977874756 	28.1877
2015-01-09T23:19:59.999Z 	42013.972222222095 	43.1625779 	5.2802363 	15.402999877929688 	1511.4000244140625 	37.993999481201165 	4.708000183105469 	28.191
2015-01-09T23:24:59.999Z 	42013.975694444314 	43.1670712 	5.2608781 	15.413000106811523 	1511.4000244140625 	37.99599838256836 	4.709020137786865 	28.1902
2015-01-09T23:29:59.999Z 	42013.97916666653 	43.1715689 	5.2415803 	15.423999786376953 	1511.5 	38.0005989074707 	4.711559772491455 	28.1914
2015-01-09T23:34:59.999Z 	42013.98263888875 	43.1752763 	5.2259947 	15.392000198364258 	1511.4000244140625 	37.997699737548835 	4.707389831542969 	28.1965
2015-01-09T23:39:59.999Z 	42013.98611111097 	43.1775917 	5.2135474 	15.347999572753906 	1511.300048828125 	38.00510025024414 	4.705659866333008 	28.2121
2015-01-09T23:44:59.999Z 	42013.98958333319 	43.1779288 	5.2096051 	15.38700008392334 	1511.4000244140625 	38.002300262451165 	4.707389831542969 	28.2012
2015-01-09T23:49:59.999Z 	42013.99305555541 	43.1780688 	5.2098727 	15.387999534606934 	1511.4000244140625 	38.0015983581543 	4.707389831542969 	28.2004
2015-01-09T23:54:59.999Z 	42013.99652777763 	43.1780702 	5.2098644 	15.38700008392334 	1511.4000244140625 	38.001800537109375 	4.707180023193359 	28.2007
2015-01-09T23:59:59.999Z 	42013.99999999985 	43.1780712 	5.2098693 	15.385000228881836 	1511.4000244140625 	38.00120162963867 	4.706980228424072 	28.2008
