time 	latitude 	longitude 	water temperature 	water sound speed 	water salinity 	water conductivity 	anomaly of water mass density
2015-01-16T00:00:00.000Z 	42020.0 	42.539421 	4.5645822 	15.27400016784668 	1509.800048828125 	38.060199737548835 	4.653940200805664 	28.3668
2015-01-16T00:04:59.999Z 	42020.00347222222 	42.5393739 	4.5645396 	15.263999938964844 	1509.699951171875 	38.05939865112305 	4.652820110321045 	28.3699
2015-01-16T00:09:59.999Z 	42020.00694444444 	42.5393752 	4.5645502 	15.267000198364258 	1509.800048828125 	38.06039810180664 	4.6532301902771 	28.3675
2015-01-16T00:14:59.999Z 	42020.01041666666 	42.5393702 	4.5645653 	15.260000228881836 	1509.699951171875 	38.05870056152344 	4.652309894561768 	28.3681
2015-01-16T00:19:59.999Z 	42020.013888888876 	42.5393926 	4.5645779 	15.26099967956543 	1509.699951171875 	38.05989837646484 	4.652520179748535 	28.3682
2015-01-16T00:24:59.999Z 	42020.017361111095 	42.5393832 	4.5645826 	15.26200008392334 	1509.699951171875 	38.05950164794922 	4.6526198387146 	28.3702
2015-01-16T00:29:59.999Z 	42020.020833333314 	42.5393966 	4.5645968 	15.25100040435791 	1509.699951171875 	38.0609016418457 	4.651599884033203 	28.3716
2015-01-16T00:34:59.999Z 	42020.02430555553 	42.5394289 	4.5645823 	15.251999855041504 	1509.699951171875 	38.06119918823242 	4.651700019836426 	28.3728
2015-01-16T00:39:59.999Z 	42020.02777777775 	42.5352421 	4.5690122 	15.26099967956543 	1509.699951171875 	38.06079864501953 	4.6526198387146 	28.37
2015-01-16T00:44:59.999Z 	42020.03124999997 	42.5244613 	4.5759837 	15.293000221252441 	1509.800048828125 	38.05989837646484 	4.655879974365234 	28.3628
2015-01-16T00:49:59.999Z 	42020.03472222219 	42.5137902 	4.5836487 	15.300999641418457 	1509.800048828125 	38.0629997253418 	4.657100200653076 	28.3656
2015-01-16T00:54:59.999Z 	42020.03819444441 	42.5105722 	4.586413 	15.27299976348877 	1509.800048828125 	38.06560134887695 	4.654449939727783 	28.3701
2015-01-16T00:59:59.999Z 	42020.04166666663 	42.5105793 	4.5863734 	15.276000022888184 	1509.800048828125 	38.06660079956055 	4.654860019683838 	28.3709
2015-01-16T01:04:59.999Z 	42020.04513888885 	42.5105714 	4.5863559 	15.282999992370605 	1509.800048828125 	38.06549835205078 	4.65546989440918 	28.3699
2015-01-16T01:09:59.999Z 	42020.048611111066 	42.5105732 	4.5863891 	15.281000137329102 	1509.800048828125 	38.06660079956055 	4.655370235443115 	28.3682
2015-01-16T01:14:59.999Z 	42020.052083333285 	42.5105646 	4.5863599 	15.300000190734863 	1509.9000244140625 	38.06439971923828 	4.657100200653076 	28.3639
2015-01-16T01:19:59.999Z 	42020.055555555504 	42.5105728 	4.5863749 	15.288999557495117 	1509.800048828125 	38.065799713134766 	4.6560797691345215 	28.3666
2015-01-16T01:24:59.999Z 	42020.05902777772 	42.5105765 	4.5863794 	15.288999557495117 	1509.800048828125 	38.064800262451165 	4.655980110168457 	28.3658
2015-01-16T01:29:59.999Z 	42020.06249999994 	42.5105651 	4.5863792 	15.288999557495117 	1509.800048828125 	38.064800262451165 	4.655980110168457 	28.3655
2015-01-16T01:34:59.999Z 	42020.06597222216 	42.510573 	4.5863623 	15.288999557495117 	1509.9000244140625 	38.06420135498047 	4.655980110168457 	28.3642
2015-01-16T01:39:59.999Z 	42020.06944444438 	42.5105646 	4.586372 	15.288000106811523 	1509.800048828125 	38.06359863281249 	4.655779838562012 	28.3653
2015-01-16T01:44:59.999Z 	42020.0729166666 	42.5105826 	4.5863966 	15.28499984741211 	1509.9000244140625 	38.06449890136719 	4.655570030212402 	28.3648
2015-01-16T01:49:59.999Z 	42020.07638888882 	42.5105809 	4.5863572 	15.28600025177002 	1509.800048828125 	38.06380081176758 	4.655570030212402 	28.3658
2015-01-16T01:54:59.999Z 	42020.07986111104 	42.5105818 	4.5863734 	15.282999992370605 	1509.800048828125 	38.06460189819336 	4.655370235443115 	28.3656
2015-01-16T01:59:59.999Z 	42020.083333333256 	42.5105742 	4.5863579 	15.286999702453613 	1509.800048828125 	38.06399917602539 	4.655670166015625 	28.3662
2015-01-16T02:04:59.999Z 	42020.086805555475 	42.5105665 	4.5863674 	15.286999702453613 	1509.800048828125 	38.064300537109375 	4.655779838562012 	28.3666
2015-01-16T02:09:59.999Z 	42020.090277777694 	42.5078899 	4.5893204 	15.28600025177002 	1509.800048828125 	38.067501068115234 	4.655980110168457 	28.3697
2015-01-16T02:14:59.999Z 	42020.09374999991 	42.4973877 	4.5974818 	15.234000205993652 	1509.699951171875 	38.0702018737793 	4.650790214538574 	28.3826
2015-01-16T02:19:59.999Z 	42020.09722222213 	42.4852398 	4.6052553 	15.190999984741211 	1509.5 	38.07609939575195 	4.646820068359375 	28.401
2015-01-16T02:24:59.999Z 	42020.10069444435 	42.4732444 	4.613591 	15.086000442504883 	1509.0999755859375 	38.08890151977539 	4.637149810791016 	28.4394
2015-01-16T02:29:59.999Z 	42020.10416666657 	42.4615366 	4.6223942 	15.003000259399414 	1508.9000244140625 	38.097801208496094 	4.629310131072998 	28.4584
2015-01-16T02:34:59.999Z 	42020.10763888879 	42.4528632 	4.6290947 	14.972999572753906 	1508.9000244140625 	38.10029983520508 	4.626359939575195 	28.466
2015-01-16T02:39:59.999Z 	42020.11111111101 	42.452204 	4.6306638 	14.960000038146973 	1508.800048828125 	38.101200103759766 	4.625140190124512 	28.4701
2015-01-16T02:44:59.999Z 	42020.11458333323 	42.4521841 	4.6306678 	14.958999633789062 	1508.800048828125 	38.10070037841797 	4.624929904937744 	28.4683
2015-01-16T02:49:59.999Z 	42020.118055555446 	42.4521713 	4.6306809 	14.95300006866455 	1508.800048828125 	38.10049819946289 	4.624320030212402 	28.4696
2015-01-16T02:54:59.999Z 	42020.121527777665 	42.4521585 	4.6306753 	14.951000213623047 	1508.800048828125 	38.101600646972656 	4.62421989440918 	28.4715
2015-01-16T02:59:59.999Z 	42020.12499999988 	42.4521715 	4.630679 	14.95199966430664 	1508.800048828125 	38.101200103759766 	4.624320030212402 	28.4707
2015-01-16T03:04:59.999Z 	42020.1284722221 	42.452174 	4.6306885 	14.954999923706055 	1508.800048828125 	38.10129928588867 	4.624629974365234 	28.4695
2015-01-16T03:09:59.999Z 	42020.13194444432 	42.4521605 	4.6306746 	14.949999809265137 	1508.800048828125 	38.10110092163086 	4.624020099639893 	28.4715
2015-01-16T03:14:59.999Z 	42020.13541666654 	42.452169 	4.6306684 	14.954000473022461 	1508.800048828125 	38.100799560546875 	4.624430179595947 	28.4698
2015-01-16T03:19:59.999Z 	42020.13888888876 	42.4521659 	4.6306647 	14.947999954223633 	1508.800048828125 	38.10150146484375 	4.62391996383667 	28.4711
2015-01-16T03:24:59.999Z 	42020.14236111098 	42.4521797 	4.6307025 	14.949999809265137 	1508.800048828125 	38.10129928588867 	4.624120235443115 	28.4713
2015-01-16T03:29:59.999Z 	42020.1458333332 	42.4521576 	4.6306925 	14.958000183105469 	1508.800048828125 	38.10049819946289 	4.6248297691345215 	28.4679
2015-01-16T03:34:59.999Z 	42020.14930555542 	42.452164 	4.630689 	14.947999954223633 	1508.800048828125 	38.101200103759766 	4.623809814453125 	28.4716
2015-01-16T03:39:59.999Z 	42020.152777777635 	42.4521591 	4.6306773 	14.946000099182129 	1508.800048828125 	38.101600646972656 	4.6237101554870605 	28.4719
2015-01-16T03:44:59.999Z 	42020.156249999854 	42.4521617 	4.630679 	14.95199966430664 	1508.800048828125 	38.099998474121094 	4.624120235443115 	28.4707
2015-01-16T03:49:59.999Z 	42020.15972222207 	42.4521693 	4.6306896 	14.951000213623047 	1508.800048828125 	38.09880065917969 	4.62391996383667 	28.4693
2015-01-16T03:54:59.999Z 	42020.16319444429 	42.4521638 	4.6306988 	14.946000099182129 	1508.800048828125 	38.100399017333984 	4.623509883880615 	28.4708
2015-01-16T03:59:59.999Z 	42020.16666666651 	42.4521294 	4.6311112 	14.947999954223633 	1508.9000244140625 	38.09870147705078 	4.623610019683838 	28.4632
2015-01-16T04:04:59.999Z 	42020.17013888873 	42.4544569 	4.6377687 	14.956000328063965 	1508.800048828125 	38.10060119628906 	4.624629974365234 	28.4704
2015-01-16T04:09:59.999Z 	42020.17361111095 	42.4585959 	4.6496367 	14.96500015258789 	1508.800048828125 	38.101200103759766 	4.625649929046631 	28.4679
2015-01-16T04:14:59.999Z 	42020.17708333317 	42.4632821 	4.6644134 	14.989999771118164 	1508.9000244140625 	38.0984001159668 	4.627989768981934 	28.4583
2015-01-16T04:19:59.999Z 	42020.18055555539 	42.4684946 	4.680403 	15.045000076293945 	1509.0999755859375 	38.09000015258789 	4.632870197296143 	28.4379
2015-01-16T04:24:59.999Z 	42020.18402777761 	42.4742381 	4.698078 	15.097999572753906 	1509.300048828125 	38.083099365234375 	4.637760162353516 	28.4227
2015-01-16T04:29:59.999Z 	42020.187499999825 	42.4803574 	4.7171812 	15.13599967956543 	1509.300048828125 	38.078800201416016 	4.64132022857666 	28.4152
2015-01-16T04:34:59.999Z 	42020.190972222044 	42.4865632 	4.7368423 	15.067000389099121 	1509.0999755859375 	38.088401794433594 	4.635109901428223 	28.4384
2015-01-16T04:39:59.999Z 	42020.19444444426 	42.4927649 	4.7564683 	15.017999649047852 	1509.0 	38.09389877319336 	4.630430221557617 	28.4499
2015-01-16T04:44:59.999Z 	42020.19791666648 	42.4989772 	4.7759979 	15.027000427246094 	1509.0 	38.09360122680664 	4.631350040435791 	28.4467
2015-01-16T04:49:59.999Z 	42020.2013888887 	42.5052531 	4.7955097 	15.03600025177002 	1509.0999755859375 	38.09230041503906 	4.632160186767578 	28.4425
2015-01-16T04:54:59.999Z 	42020.20486111092 	42.5114781 	4.8149881 	15.071999549865723 	1509.199951171875 	38.08530044555664 	4.635210037231445 	28.4304
2015-01-16T04:59:59.999Z 	42020.20833333314 	42.5177558 	4.8347816 	15.12600040435791 	1509.4000244140625 	38.078800201416016 	4.6402997970581055 	28.4117
2015-01-16T05:04:59.999Z 	42020.21180555536 	42.5240705 	4.8546163 	15.137999534606934 	1509.4000244140625 	38.07770156860351 	4.641419887542725 	28.4105
2015-01-16T05:09:59.999Z 	42020.21527777758 	42.530547 	4.8750907 	15.112000465393066 	1509.199951171875 	38.08110046386719 	4.639080047607422 	28.4226
2015-01-16T05:14:59.999Z 	42020.218749999796 	42.5370445 	4.8956473 	15.060999870300293 	1509.0999755859375 	38.08580017089844 	4.634089946746826 	28.437
2015-01-16T05:19:59.999Z 	42020.222222222015 	42.5436767 	4.916183 	15.013999938964844 	1509.0 	38.08980178833008 	4.62962007522583 	28.45
2015-01-16T05:24:59.999Z 	42020.225694444234 	42.5506184 	4.936474 	14.984000205993652 	1508.9000244140625 	38.09510040283203 	4.626969814300537 	28.4579
2015-01-16T05:29:59.999Z 	42020.22916666645 	42.5572073 	4.9567571 	14.951000213623047 	1508.699951171875 	38.096900939941406 	4.6237101554870605 	28.4722
2015-01-16T05:34:59.999Z 	42020.23263888867 	42.5637963 	4.9770144 	14.883999824523926 	1508.5 	38.104400634765625 	4.617400169372559 	28.4917
2015-01-16T05:39:59.999Z 	42020.23611111089 	42.5703988 	4.997099 	14.812000274658203 	1508.300048828125 	38.113800048828125 	4.610789775848389 	28.5129
2015-01-16T05:44:59.999Z 	42020.23958333311 	42.5771092 	5.0170586 	14.737000465393066 	1508.0999755859375 	38.12609863281249 	4.604169845581055 	28.5383
2015-01-16T05:49:59.999Z 	42020.24305555533 	42.5836387 	5.0366547 	14.769000053405762 	1508.300048828125 	38.11389923095703 	4.60630989074707 	28.5131
2015-01-16T05:54:59.999Z 	42020.24652777755 	42.5899606 	5.0560597 	14.906000137329102 	1508.699951171875 	38.10240173339844 	4.619540214538574 	28.4803
2015-01-16T05:59:59.999Z 	42020.24999999977 	42.5958762 	5.0757889 	14.920999526977539 	1508.5999755859375 	38.10060119628906 	4.620960235595703 	28.4806
2015-01-16T06:04:59.999Z 	42020.253472221986 	42.6018617 	5.0949759 	15.020000457763672 	1509.0999755859375 	38.088401794433594 	4.630119800567627 	28.439
2015-01-16T06:09:59.999Z 	42020.256944444205 	42.6079046 	5.1138205 	15.097000122070312 	1509.300048828125 	38.0797004699707 	4.637249946594238 	28.4175
2015-01-16T06:14:59.999Z 	42020.260416666424 	42.6140209 	5.1328427 	15.170999526977539 	1509.5 	38.07320022583008 	4.644370079040527 	28.3976
2015-01-16T06:19:59.999Z 	42020.26388888864 	42.6201593 	5.1522025 	15.222000122070312 	1509.5999755859375 	38.06829833984375 	4.6492600440979 	28.385
2015-01-16T06:24:59.999Z 	42020.26736111086 	42.6264016 	5.171695 	15.277999877929688 	1509.800048828125 	38.0625 	4.654550075531006 	28.3672
2015-01-16T06:29:59.999Z 	42020.27083333308 	42.6327647 	5.1914537 	15.347000122070312 	1510.0999755859375 	38.056400299072266 	4.6612701416015625 	28.3422
2015-01-16T06:34:59.999Z 	42020.2743055553 	42.6390206 	5.2110784 	15.447999954223633 	1510.300048828125 	38.04479980468751 	4.670740127563477 	28.3131
2015-01-16T06:39:59.999Z 	42020.27777777752 	42.6451366 	5.2308072 	15.475000381469727 	1510.4000244140625 	38.04169845581055 	4.673180103302002 	28.3071
2015-01-16T06:44:59.999Z 	42020.28124999974 	42.6513431 	5.2506879 	15.46500015258789 	1510.4000244140625 	38.042701721191406 	4.672269821166992 	28.308
2015-01-16T06:49:59.999Z 	42020.28472222196 	42.6576623 	5.2707985 	15.454000473022461 	1510.300048828125 	38.04410171508789 	4.671249866485596 	28.3147
2015-01-16T06:54:59.999Z 	42020.288194444176 	42.6638566 	5.2907602 	15.420000076293945 	1510.199951171875 	38.044898986816406 	4.667689800262451 	28.3252
2015-01-16T06:59:59.999Z 	42020.291666666395 	42.6701536 	5.3104878 	15.354999542236328 	1510.0 	38.048301696777344 	4.6612701416015625 	28.3429
2015-01-16T07:04:59.999Z 	42020.295138888614 	42.6764908 	5.3302341 	15.28499984741211 	1509.699951171875 	38.05419921875 	4.654449939727783 	28.3643
2015-01-16T07:09:59.999Z 	42020.29861111083 	42.6827944 	5.3498836 	15.387999534606934 	1510.0999755859375 	38.042999267578125 	4.664120197296143 	28.3262
2015-01-16T07:14:59.999Z 	42020.30208333305 	42.6890636 	5.3695483 	15.456999778747559 	1510.4000244140625 	38.037700653076165 	4.670839786529541 	28.3041
2015-01-16T07:19:59.999Z 	42020.30555555527 	42.6952248 	5.3890552 	15.496000289916992 	1510.4000244140625 	38.03499984741211 	4.674709796905518 	28.2985
2015-01-16T07:24:59.999Z 	42020.30902777749 	42.7013668 	5.4087403 	15.47700023651123 	1510.4000244140625 	38.03689956665039 	4.672880172729492 	28.3046
2015-01-16T07:29:59.999Z 	42020.31249999971 	42.7075489 	5.4286414 	15.446000099182129 	1510.300048828125 	38.04090118408203 	4.670030117034912 	28.3159
2015-01-16T07:34:59.999Z 	42020.31597222193 	42.713763 	5.4485016 	15.38700008392334 	1510.0999755859375 	38.04930114746094 	4.664730072021484 	28.3317
2015-01-16T07:39:59.999Z 	42020.31944444415 	42.7202112 	5.4680015 	15.53600025177002 	1510.5999755859375 	38.027000427246094 	4.678070068359375 	28.2788
2015-01-16T07:44:59.999Z 	42020.322916666366 	42.7268803 	5.4871782 	15.538000106811523 	1510.5 	38.02410125732422 	4.677969932556152 	28.2828
2015-01-16T07:49:59.999Z 	42020.326388888585 	42.7332858 	5.5067502 	15.545000076293945 	1510.5999755859375 	38.022098541259766 	4.67848014831543 	28.278
2015-01-16T07:54:59.999Z 	42020.329861110804 	42.739544 	5.5263713 	15.477999687194824 	1510.300048828125 	38.03089904785156 	4.672369956970215 	28.3061
2015-01-16T07:59:59.999Z 	42020.33333333302 	42.7459723 	5.5456456 	15.265000343322754 	1509.800048828125 	38.052101135253906 	4.6521100997924805 	28.3548
2015-01-16T08:04:59.999Z 	42020.33680555524 	42.7520607 	5.5643292 	15.288999557495117 	1509.9000244140625 	38.04330062866211 	4.653639793395996 	28.343
2015-01-16T08:09:59.999Z 	42020.34027777746 	42.758104 	5.5829247 	15.479000091552734 	1510.4000244140625 	38.025001525878906 	4.671860218048096 	28.2892
2015-01-16T08:14:59.999Z 	42020.34374999968 	42.7637996 	5.6014127 	15.545000076293945 	1510.699951171875 	38.015899658203125 	4.677859783172607 	28.262
2015-01-16T08:19:59.999Z 	42020.3472222219 	42.7693436 	5.6196172 	15.762999534606934 	1511.300048828125 	38.00120162963867 	4.699339866638184 	28.204
2015-01-16T08:24:59.999Z 	42020.35069444412 	42.7748158 	5.6379912 	15.880000114440918 	1511.699951171875 	37.99190139770508 	4.710750102996826 	28.1707
2015-01-16T08:29:59.999Z 	42020.35416666634 	42.7801893 	5.6566299 	15.9399995803833 	1511.800048828125 	37.9900016784668 	4.716859817504883 	28.1593
2015-01-16T08:34:59.999Z 	42020.357638888556 	42.7862286 	5.6750243 	15.956999778747559 	1511.9000244140625 	37.989498138427734 	4.718689918518066 	28.1542
2015-01-16T08:39:59.999Z 	42020.361111110775 	42.7922905 	5.6926891 	15.979999542236328 	1511.9000244140625 	37.98899841308594 	4.721030235290527 	28.1493
2015-01-16T08:44:59.999Z 	42020.364583332994 	42.7965847 	5.7060181 	15.996999740600586 	1511.9000244140625 	37.98820114135742 	4.722760200500488 	28.1468
2015-01-16T08:49:59.999Z 	42020.36805555521 	42.7995065 	5.7143536 	16.01099967956543 	1512.0 	37.98820114135742 	4.724289894104004 	28.1441
2015-01-16T08:54:59.999Z 	42020.37152777743 	42.8020646 	5.7231095 	16.02199935913086 	1512.0 	37.989398956298835 	4.725510120391846 	28.1422
2015-01-16T08:59:59.999Z 	42020.37499999965 	42.8049837 	5.7340257 	16.03499984741211 	1512.0999755859375 	37.99100112915039 	4.727139949798584 	28.1386
2015-01-16T09:04:59.999Z 	42020.37847222187 	42.8093043 	5.7489731 	16.042999267578125 	1512.0999755859375 	37.989601135253906 	4.727849960327148 	28.1384
2015-01-16T09:09:59.999Z 	42020.38194444409 	42.8148516 	5.7655959 	16.027999877929688 	1512.0 	37.9900016784668 	4.72622013092041 	28.1412
2015-01-16T09:14:59.999Z 	42020.38541666631 	42.820944 	5.7838403 	16.01300048828125 	1512.0 	37.99060058593751 	4.724689960479736 	28.1473
2015-01-16T09:19:59.999Z 	42020.38888888853 	42.8270642 	5.8026951 	15.987000465393066 	1511.9000244140625 	37.99250030517578 	4.722149848937988 	28.1552
2015-01-16T09:24:59.999Z 	42020.392361110746 	42.8331223 	5.8213665 	15.956999778747559 	1511.800048828125 	37.99470138549805 	4.719200134277344 	28.1614
2015-01-16T09:29:59.999Z 	42020.395833332965 	42.8390973 	5.8401176 	15.949000358581543 	1511.800048828125 	37.99639892578125 	4.718589782714844 	28.1651
2015-01-16T09:34:59.999Z 	42020.399305555184 	42.8450632 	5.8590957 	15.946000099182129 	1511.800048828125 	37.99599838256836 	4.718180179595947 	28.1654
2015-01-16T09:39:59.999Z 	42020.4027777774 	42.8510268 	5.8781303 	15.932999610900879 	1511.699951171875 	37.99679946899414 	4.7169599533081055 	28.1707
2015-01-16T09:44:59.999Z 	42020.40624999962 	42.8573497 	5.897133 	15.920000076293945 	1511.699951171875 	37.998199462890625 	4.715740203857422 	28.1746
2015-01-16T09:49:59.999Z 	42020.40972222184 	42.8640817 	5.9160815 	15.916999816894531 	1511.699951171875 	37.997798919677734 	4.715330123901367 	28.1741
2015-01-16T09:54:59.999Z 	42020.41319444406 	42.8707301 	5.9353168 	15.913999557495117 	1511.699951171875 	37.99860000610351 	4.7151198387146 	28.1762
2015-01-16T09:59:59.999Z 	42020.41666666628 	42.8768617 	5.9544871 	15.907999992370605 	1511.699951171875 	37.99810028076172 	4.714409828186035 	28.1758
2015-01-16T10:04:59.999Z 	42020.4201388885 	42.8831277 	5.9738398 	15.906999588012695 	1511.699951171875 	37.9994010925293 	4.714409828186035 	28.1773
2015-01-16T10:09:59.999Z 	42020.42361111072 	42.8899483 	5.9930819 	15.925999641418457 	1511.699951171875 	37.99760055541992 	4.716239929199219 	28.1699
2015-01-16T10:14:59.999Z 	42020.427083332936 	42.8966074 	6.012659 	15.949999809265137 	1511.800048828125 	37.99509811401367 	4.718589782714844 	28.1613
2015-01-16T10:19:59.999Z 	42020.430555555155 	42.90338 	6.032085 	15.986000061035156 	1511.9000244140625 	37.99319839477539 	4.722149848937988 	28.1543
2015-01-16T10:24:59.999Z 	42020.43402777737 	42.9100812 	6.0515398 	15.998000144958496 	1511.9000244140625 	37.99209976196289 	4.723269939422607 	28.15
2015-01-16T10:29:59.999Z 	42020.43749999959 	42.9164552 	6.0712741 	15.993000030517578 	1511.9000244140625 	37.989398956298835 	4.722449779510498 	28.1526
2015-01-16T10:34:59.999Z 	42020.44097222181 	42.923144 	6.0910046 	15.979000091552734 	1511.9000244140625 	37.984100341796875 	4.720419883728027 	28.1494
2015-01-16T10:39:59.999Z 	42020.44444444403 	42.9299125 	6.1106363 	15.982999801635742 	1511.800048828125 	37.98199844360351 	4.720620155334473 	28.1486
2015-01-16T10:44:59.999Z 	42020.44791666625 	42.9359177 	6.1276309 	15.970000267028809 	1511.800048828125 	37.9807014465332 	4.719089984893799 	28.149
2015-01-16T10:49:59.999Z 	42020.45138888847 	42.9396471 	6.1389415 	15.970000267028809 	1511.800048828125 	37.981300354003906 	4.719089984893799 	28.1492
2015-01-16T10:54:59.999Z 	42020.45486111069 	42.9364901 	6.1406479 	15.965999603271484 	1511.800048828125 	37.97999954223633 	4.718589782714844 	28.1485
2015-01-16T10:59:59.999Z 	42020.45833333291 	42.9317486 	6.1407794 	15.968000411987305 	1511.800048828125 	37.97990036010742 	4.718790054321289 	28.1478
2015-01-16T11:04:59.999Z 	42020.461805555125 	42.9246888 	6.1407124 	15.977999687194824 	1511.800048828125 	37.97710037231445 	4.7195000648498535 	28.1442
2015-01-16T11:09:59.999Z 	42020.465277777344 	42.9153539 	6.1405043 	16.01099967956543 	1512.0 	37.97809982299805 	4.723169803619385 	28.135
2015-01-16T11:14:59.999Z 	42020.46874999956 	42.9044494 	6.1402286 	16.03700065612793 	1512.0 	37.97529983520508 	4.72560977935791 	28.1276
2015-01-16T11:19:59.999Z 	42020.47222222178 	42.8929841 	6.1398392 	16.051000595092773 	1512.0999755859375 	37.97589874267578 	4.727139949798584 	28.1255
2015-01-16T11:24:59.999Z 	42020.475694444 	42.8817148 	6.1399106 	16.048999786376953 	1512.0999755859375 	37.977901458740234 	4.727139949798584 	28.1273
2015-01-16T11:29:59.999Z 	42020.47916666622 	42.8706647 	6.1407783 	16.06100082397461 	1512.0999755859375 	37.979000091552734 	4.728559970855713 	28.1259
2015-01-16T11:34:59.999Z 	42020.48263888844 	42.8594919 	6.1409945 	16.069000244140625 	1512.0999755859375 	37.981201171875 	4.729680061340332 	28.1254
2015-01-16T11:39:59.999Z 	42020.48611111066 	42.8475995 	6.1407114 	16.06999969482422 	1512.0999755859375 	37.983299255371094 	4.729990005493164 	28.1277
2015-01-16T11:44:59.999Z 	42020.48958333288 	42.8349109 	6.1403795 	16.04599952697754 	1512.0999755859375 	37.98149871826172 	4.727240085601807 	28.1321
2015-01-16T11:49:59.999Z 	42020.493055555096 	42.8221683 	6.1401509 	16.031999588012695 	1512.0 	37.98690032958984 	4.726319789886475 	28.138
2015-01-16T11:54:59.999Z 	42020.496527777315 	42.8094412 	6.1405623 	16.018999099731445 	1512.0 	37.989498138427734 	4.7253098487854 	28.1449
2015-01-16T11:59:59.999Z 	42020.499999999534 	42.7966673 	6.140917 	16.0 	1511.9000244140625 	37.9911003112793 	4.72337007522583 	28.1502
2015-01-16T12:04:59.999Z 	42020.50347222175 	42.783873 	6.1411561 	15.967000007629395 	1511.800048828125 	37.99409866333008 	4.720210075378418 	28.1624
2015-01-16T12:09:59.999Z 	42020.50694444397 	42.7709221 	6.1415259 	15.895999908447266 	1511.5999755859375 	37.99980163574219 	4.713290214538574 	28.183
2015-01-16T12:14:59.999Z 	42020.51041666619 	42.7581867 	6.1414651 	15.869000434875488 	1511.5999755859375 	38.003299713134766 	4.710849761962891 	28.1876
2015-01-16T12:19:59.999Z 	42020.51388888841 	42.7463972 	6.1411858 	15.793000221252441 	1511.199951171875 	38.007301330566406 	4.70320987701416 	28.2177
2015-01-16T12:24:59.999Z 	42020.51736111063 	42.7342076 	6.1412125 	15.545000076293945 	1510.5 	38.02980041503906 	4.679389953613281 	28.2868
2015-01-16T12:29:59.999Z 	42020.52083333285 	42.7224452 	6.1412784 	15.451000213623047 	1510.199951171875 	38.03649902343751 	4.670129776000977 	28.3131
2015-01-16T12:34:59.999Z 	42020.52430555507 	42.7109881 	6.141429 	15.489999771118164 	1510.4000244140625 	38.02920150756836 	4.673490047454834 	28.2957
2015-01-16T12:39:59.999Z 	42020.527777777286 	42.7007712 	6.141781 	15.510000228881836 	1510.4000244140625 	38.02730178833008 	4.675320148468018 	28.2907
2015-01-16T12:44:59.999Z 	42020.531249999505 	42.693446 	6.146033 	15.51099967956543 	1510.4000244140625 	38.02870178222656 	4.675620079040527 	28.2933
2015-01-16T12:49:59.999Z 	42020.534722221724 	42.6891429 	6.1545249 	15.480999946594238 	1510.300048828125 	38.03409957885742 	4.673079967498779 	28.3032
2015-01-16T12:54:59.999Z 	42020.53819444394 	42.6887777 	6.1645758 	15.446999549865723 	1510.199951171875 	38.03580093383789 	4.669620037078857 	28.3118
2015-01-16T12:59:59.999Z 	42020.54166666616 	42.6920863 	6.1739011 	15.428000450134277 	1510.199951171875 	38.03779983520508 	4.667789936065674 	28.3193
2015-01-16T13:04:59.999Z 	42020.54513888838 	42.6983277 	6.1800732 	15.406000137329102 	1510.0999755859375 	38.03889846801758 	4.665649890899658 	28.3247
2015-01-16T13:09:59.999Z 	42020.5486111106 	42.7069706 	6.1836333 	15.380000114440918 	1510.0 	38.04290008544922 	4.6633100509643555 	28.3336
2015-01-16T13:14:59.999Z 	42020.55208333282 	42.7183352 	6.1838156 	15.383000373840332 	1510.0999755859375 	38.04209899902344 	4.663509845733643 	28.3284
2015-01-16T13:19:59.999Z 	42020.55555555504 	42.7305228 	6.1838171 	15.428999900817871 	1510.300048828125 	38.036399841308594 	4.667789936065674 	28.3106
2015-01-16T13:24:59.999Z 	42020.55902777726 	42.7426932 	6.183911 	15.668999671936035 	1511.0 	38.012298583984375 	4.690589904785156 	28.2346
2015-01-16T13:29:59.999Z 	42020.562499999476 	42.7547982 	6.1840981 	15.784000396728516 	1511.300048828125 	38.00360107421875 	4.701789855957031 	28.2046
2015-01-16T13:34:59.999Z 	42020.565972221695 	42.7669093 	6.1842781 	15.850000381469727 	1511.5 	38.00699996948242 	4.709219932556152 	28.1952
2015-01-16T13:39:59.999Z 	42020.569444443914 	42.7788138 	6.1844729 	15.809000015258789 	1511.4000244140625 	38.0088005065918 	4.705049991607666 	28.2071
2015-01-16T13:44:59.999Z 	42020.57291666613 	42.7883073 	6.180342 	15.869999885559082 	1511.5999755859375 	38.00019836425781 	4.710639953613281 	28.1826
2015-01-16T13:49:59.999Z 	42020.57638888835 	42.7946936 	6.1716175 	15.913999557495117 	1511.699951171875 	37.99679946899414 	4.7149200439453125 	28.1716
2015-01-16T13:54:59.999Z 	42020.57986111057 	42.7977251 	6.1600312 	15.940999984741211 	1511.800048828125 	37.99509811401367 	4.717569828033447 	28.1653
2015-01-16T13:59:59.999Z 	42020.58333333279 	42.7970122 	6.1461405 	15.937999725341797 	1511.699951171875 	37.99589920043945 	4.717360019683838 	28.1689
2015-01-16T14:04:59.999Z 	42020.58680555501 	42.7934119 	6.1343987 	15.894000053405762 	1511.5999755859375 	37.999900817871094 	4.713089942932129 	28.1818
2015-01-16T14:09:59.999Z 	42020.59027777723 	42.7881638 	6.124375 	15.88599967956543 	1511.5999755859375 	37.99860000610351 	4.712069988250732 	28.1827
2015-01-16T14:14:59.999Z 	42020.59374999945 	42.7812202 	6.1155772 	15.911999702453613 	1511.699951171875 	37.99599838256836 	4.714620113372803 	28.1728
2015-01-16T14:19:59.999Z 	42020.597222221666 	42.7719596 	6.1104517 	15.930999755859375 	1511.699951171875 	37.99509811401367 	4.716549873352051 	28.1698
2015-01-16T14:24:59.999Z 	42020.600694443885 	42.7627579 	6.1101305 	15.890000343322754 	1511.5999755859375 	38.00019836425781 	4.712679862976074 	28.1841
2015-01-16T14:29:59.999Z 	42020.604166666104 	42.7533014 	6.1137065 	15.85099983215332 	1511.5 	38.00389862060547 	4.709020137786865 	28.193
2015-01-16T14:34:59.999Z 	42020.60763888832 	42.7440255 	6.1185869 	15.84000015258789 	1511.4000244140625 	38.00579833984375 	4.708000183105469 	28.2018
2015-01-16T14:39:59.999Z 	42020.61111111054 	42.7342037 	6.1238577 	15.718999862670898 	1510.9000244140625 	38.01399993896484 	4.696090221405029 	28.2432
2015-01-16T14:44:59.999Z 	42020.61458333276 	42.7225995 	6.1297544 	15.456000328063965 	1510.300048828125 	38.04109954833984 	4.671150207519531 	28.3156
2015-01-16T14:49:59.999Z 	42020.61805555498 	42.7105572 	6.1352235 	15.425999641418457 	1510.199951171875 	38.03730010986328 	4.6675801277160645 	28.3165
2015-01-16T14:54:59.999Z 	42020.6215277772 	42.6989786 	6.1390753 	15.437000274658203 	1510.199951171875 	38.037498474121094 	4.668700218200684 	28.3171
2015-01-16T14:59:59.999Z 	42020.62499999942 	42.6869918 	6.1405875 	15.430000305175781 	1510.199951171875 	38.03670120239258 	4.6678900718688965 	28.317
2015-01-16T15:04:59.999Z 	42020.62847222164 	42.6745589 	6.1402946 	15.38700008392334 	1510.0 	38.04090118408203 	4.663819789886475 	28.3336
2015-01-16T15:09:59.999Z 	42020.631944443856 	42.6623031 	6.1405411 	15.215999603271484 	1509.300048828125 	38.05780029296875 	4.6475300788879395 	28.3967
2015-01-16T15:14:59.999Z 	42020.635416666075 	42.6500132 	6.140993 	14.668999671936035 	1507.699951171875 	38.11389923095703 	4.595719814300537 	28.5574
2015-01-16T15:19:59.999Z 	42020.638888888294 	42.6377857 	6.1412806 	14.414999961853027 	1507.0 	38.16189956665039 	4.574049949645996 	28.6463
2015-01-16T15:24:59.999Z 	42020.64236111051 	42.6256279 	6.1417972 	14.597000122070312 	1507.800048828125 	38.11309814453125 	4.587989807128906 	28.5503
2015-01-16T15:29:59.999Z 	42020.64583333273 	42.6133032 	6.1418376 	14.697999954223633 	1507.9000244140625 	38.102901458740234 	4.597559928894043 	28.5311
2015-01-16T15:34:59.999Z 	42020.64930555495 	42.6006884 	6.1413223 	14.743000030517578 	1508.0999755859375 	38.09469985961914 	4.60152006149292 	28.5112
2015-01-16T15:39:59.999Z 	42020.65277777717 	42.5881284 	6.141537 	14.713000297546387 	1507.9000244140625 	38.10200119018555 	4.5990800857543945 	28.5329
2015-01-16T15:44:59.999Z 	42020.65624999939 	42.5756044 	6.1418139 	14.62399959564209 	1507.699951171875 	38.11199951171875 	4.590740203857422 	28.5567
2015-01-16T15:49:59.999Z 	42020.65972222161 	42.5631221 	6.1418625 	14.54800033569336 	1507.5999755859375 	38.13460159301758 	4.585140228271484 	28.581
2015-01-16T15:54:59.999Z 	42020.66319444383 	42.5505901 	6.1417681 	14.746000289916992 	1508.199951171875 	38.11349868774414 	4.603759765625 	28.5221
2015-01-16T15:59:59.999Z 	42020.666666666046 	42.5381379 	6.1417939 	14.906999588012695 	1508.699951171875 	38.10169982910156 	4.619540214538574 	28.4797
2015-01-16T16:04:59.999Z 	42020.670138888265 	42.5256499 	6.1417573 	14.989999771118164 	1508.9000244140625 	38.09650039672851 	4.627779960632324 	28.4587
2015-01-16T16:09:59.999Z 	42020.673611110484 	42.5129549 	6.1416988 	15.050000190734863 	1509.0999755859375 	38.087501525878906 	4.633180141448975 	28.4396
2015-01-16T16:14:59.999Z 	42020.6770833327 	42.5000426 	6.1414374 	15.039999961853027 	1509.0 	38.083499908447266 	4.631649971008301 	28.4412
2015-01-16T16:19:59.999Z 	42020.68055555492 	42.4873733 	6.1411864 	14.970000267028809 	1508.800048828125 	38.09109878540039 	4.625140190124512 	28.4636
2015-01-16T16:24:59.999Z 	42020.68402777714 	42.4747259 	6.1408098 	14.902999877929688 	1508.5 	38.100101470947266 	4.618929862976074 	28.4883
2015-01-16T16:29:59.999Z 	42020.68749999936 	42.46179 	6.1403955 	14.75 	1508.0999755859375 	38.12379837036133 	4.6053900718688965 	28.5417
2015-01-16T16:34:59.999Z 	42020.69097222158 	42.4489764 	6.1405531 	14.597000122070312 	1507.699951171875 	38.15019989013672 	4.5919599533081055 	28.5908
2015-01-16T16:39:59.999Z 	42020.6944444438 	42.4365694 	6.1409171 	14.605999946594238 	1507.699951171875 	38.14720153808594 	4.59266996383667 	28.586
2015-01-16T16:44:59.999Z 	42020.69791666602 	42.4239495 	6.1413067 	14.630999565124512 	1507.800048828125 	38.14310073852539 	4.5948100090026855 	28.5752
2015-01-16T16:49:59.999Z 	42020.701388888236 	42.4115879 	6.1415368 	14.642999649047852 	1507.800048828125 	38.1421012878418 	4.596030235290527 	28.5722
2015-01-16T16:54:59.999Z 	42020.704861110455 	42.3992254 	6.1414173 	14.652000427246094 	1507.800048828125 	38.141498565673835 	4.596839904785156 	28.5714
2015-01-16T16:59:59.999Z 	42020.708333332674 	42.3867649 	6.1412118 	14.640000343322754 	1507.800048828125 	38.14300155639649 	4.595829963684082 	28.5745
2015-01-16T17:04:59.999Z 	42020.71180555489 	42.3743344 	6.1408764 	14.61400032043457 	1507.699951171875 	38.14630126953125 	4.593379974365234 	28.5841
2015-01-16T17:09:59.999Z 	42020.71527777711 	42.3617404 	6.1405189 	14.5600004196167 	1507.5 	38.15530014038086 	4.588600158691406 	28.6031
2015-01-16T17:14:59.999Z 	42020.71874999933 	42.3492621 	6.1402561 	14.559000015258789 	1507.5999755859375 	38.152099609375 	4.588190078735352 	28.5988
2015-01-16T17:19:59.999Z 	42020.72222222155 	42.3365524 	6.1404226 	14.473999977111816 	1507.300048828125 	38.164798736572266 	4.580560207366943 	28.6304
2015-01-16T17:24:59.999Z 	42020.72569444377 	42.3239926 	6.1408886 	14.470000267028809 	1507.300048828125 	38.16450119018555 	4.580150127410889 	28.6283
2015-01-16T17:29:59.999Z 	42020.72916666599 	42.3113735 	6.1411975 	14.45300006866455 	1507.199951171875 	38.1702995300293 	4.578929901123047 	28.6391
2015-01-16T17:34:59.999Z 	42020.73263888821 	42.2987501 	6.1414773 	14.420999526977539 	1507.0999755859375 	38.17660140991211 	4.576290130615234 	28.6512
2015-01-16T17:39:59.999Z 	42020.736111110426 	42.2863327 	6.1417281 	14.376999855041504 	1506.9000244140625 	38.18399810791016 	4.572420120239258 	28.669
2015-01-16T17:44:59.999Z 	42020.739583332645 	42.2738085 	6.1415838 	14.256999969482422 	1506.4000244140625 	38.20769882202149 	4.562240123748779 	28.7238
2015-01-16T17:49:59.999Z 	42020.74305555486 	42.2608365 	6.1413664 	14.08899974822998 	1506.0999755859375 	38.234100341796875 	4.5472798347473145 	28.7649
2015-01-16T17:54:59.999Z 	42020.74652777708 	42.2479456 	6.1411984 	13.982999801635742 	1505.800048828125 	38.253299713134766 	4.538119792938232 	28.8066
2015-01-16T17:59:59.999Z 	42020.7499999993 	42.2353972 	6.1410417 	13.947999954223633 	1505.699951171875 	38.2588996887207 	4.535069942474365 	28.8144
2015-01-16T18:04:59.999Z 	42020.75347222152 	42.2226118 	6.140601 	13.956999778747559 	1505.699951171875 	38.257198333740234 	4.53577995300293 	28.8131
2015-01-16T18:09:59.999Z 	42020.75694444374 	42.2099127 	6.1407394 	13.923999786376953 	1505.5999755859375 	38.264400482177734 	4.533140182495117 	28.8241
2015-01-16T18:14:59.999Z 	42020.76041666596 	42.197297 	6.1411526 	13.946999549865723 	1505.5999755859375 	38.260501861572266 	4.535170078277588 	28.8198
2015-01-16T18:19:59.999Z 	42020.76388888818 	42.1844447 	6.1411039 	13.95199966430664 	1505.699951171875 	38.258201599121094 	4.535379886627197 	28.815
2015-01-16T18:24:59.999Z 	42020.7673611104 	42.1736568 	6.1462522 	13.906000137329102 	1505.5 	38.27600097656249 	4.532430171966553 	28.8405
2015-01-16T18:29:59.999Z 	42020.770833332615 	42.1683636 	6.1574545 	13.868000030517578 	1505.4000244140625 	38.27640151977539 	4.5284600257873535 	28.8468
2015-01-16T18:34:59.999Z 	42020.774305554834 	42.1694867 	6.1696106 	13.87399959564209 	1505.5 	38.27389907836914 	4.528860092163086 	28.8434
2015-01-16T18:39:59.999Z 	42020.77777777705 	42.1741822 	6.1787445 	13.876999855041504 	1505.5 	38.27299880981445 	4.529069900512695 	28.8367
2015-01-16T18:44:59.999Z 	42020.78124999927 	42.1818224 	6.1819704 	13.906999588012695 	1505.5999755859375 	38.269500732421875 	4.531819820404053 	28.8321
2015-01-16T18:49:59.999Z 	42020.78472222149 	42.1896304 	6.1800234 	13.920000076293945 	1505.5999755859375 	38.26770019531249 	4.5330400466918945 	28.8261
2015-01-16T18:54:59.999Z 	42020.78819444371 	42.1989403 	6.1775433 	13.944000244140625 	1505.699951171875 	38.25920104980469 	4.5346598625183105 	28.8159
2015-01-16T18:59:59.999Z 	42020.79166666593 	42.2100952 	6.1744919 	13.956999778747559 	1505.699951171875 	38.25550079345703 	4.535679817199707 	28.8099
2015-01-16T19:04:59.999Z 	42020.79513888815 	42.2212929 	6.1714021 	13.96399974822998 	1505.699951171875 	38.25429916381836 	4.536290168762207 	28.8074
2015-01-16T19:09:59.999Z 	42020.79861111037 	42.2324423 	6.1684024 	13.967000007629395 	1505.699951171875 	38.25339889526367 	4.536499977111816 	28.807
2015-01-16T19:14:59.999Z 	42020.802083332586 	42.2435243 	6.165429 	13.956999778747559 	1505.699951171875 	38.257198333740234 	4.53577995300293 	28.812
2015-01-16T19:19:59.999Z 	42020.805555554805 	42.2544554 	6.1624153 	13.980999946594238 	1505.800048828125 	38.25090026855469 	4.537720203399658 	28.7994
2015-01-16T19:24:59.999Z 	42020.809027777024 	42.2653177 	6.1592817 	14.093000411987305 	1506.199951171875 	38.22990036010742 	4.5472798347473145 	28.7566
2015-01-16T19:29:59.999Z 	42020.81249999924 	42.2761959 	6.1561213 	14.239999771118164 	1506.5999755859375 	38.20050048828125 	4.559700012207031 	28.7028
2015-01-16T19:34:59.999Z 	42020.81597222146 	42.286986 	6.1529018 	14.354000091552734 	1506.9000244140625 	38.18360137939453 	4.5698699951171875 	28.6679
2015-01-16T19:39:59.999Z 	42020.81944444368 	42.2980482 	6.1495892 	14.376999855041504 	1507.0 	38.18080139160156 	4.572010040283203 	28.6614
2015-01-16T19:44:59.999Z 	42020.8229166659 	42.3091167 	6.1463497 	14.395999908447266 	1507.0999755859375 	38.17770004272461 	4.573740005493164 	28.6545
2015-01-16T19:49:59.999Z 	42020.82638888812 	42.3203579 	6.1441475 	14.418999671936035 	1507.0999755859375 	38.17300033569336 	4.575669765472412 	28.6464
2015-01-16T19:54:59.999Z 	42020.82986111034 	42.3316909 	6.1428005 	14.440999984741211 	1507.199951171875 	38.168701171875 	4.577509880065918 	28.6389
2015-01-16T19:59:59.999Z 	42020.83333333256 	42.3429936 	6.1421389 	14.444999694824219 	1507.199951171875 	38.166500091552734 	4.577710151672363 	28.6361
2015-01-16T20:04:59.999Z 	42020.836805554776 	42.3540663 	6.141915 	14.531999588012695 	1507.5 	38.15359878540039 	4.585549831390381 	28.6062
2015-01-16T20:09:59.999Z 	42020.840277776995 	42.3650516 	6.1415767 	14.532999992370605 	1507.5 	38.15480041503906 	4.585750102996826 	28.6077
2015-01-16T20:14:59.999Z 	42020.843749999214 	42.3760405 	6.141034 	14.593000411987305 	1507.699951171875 	38.145999908447266 	4.591139793395996 	28.5847
2015-01-16T20:19:59.999Z 	42020.84722222143 	42.3872125 	6.1409546 	14.633999824523926 	1507.800048828125 	38.14350128173828 	4.595210075378418 	28.5754
2015-01-16T20:24:59.999Z 	42020.85069444365 	42.3982381 	6.1412631 	14.63700008392334 	1507.800048828125 	38.14360046386719 	4.59552001953125 	28.5759
2015-01-16T20:29:59.999Z 	42020.85416666587 	42.4093107 	6.1416417 	14.626999855041504 	1507.800048828125 	38.145599365234375 	4.594709873199463 	28.5809
2015-01-16T20:34:59.999Z 	42020.85763888809 	42.4204727 	6.1417473 	14.593999862670898 	1507.699951171875 	38.15010070800781 	4.591650009155273 	28.5908
2015-01-16T20:39:59.999Z 	42020.86111111031 	42.4316713 	6.1412966 	14.677000045776367 	1507.9000244140625 	38.1255989074707 	4.597859859466553 	28.5505
2015-01-16T20:44:59.999Z 	42020.86458333253 	42.4427016 	6.1407075 	14.739999771118164 	1508.0999755859375 	38.117000579833984 	4.603559970855713 	28.5293
2015-01-16T20:49:59.999Z 	42020.86805555475 	42.4537433 	6.1403865 	14.817000389099121 	1508.4000244140625 	38.10459899902344 	4.610380172729492 	28.5008
2015-01-16T20:54:59.999Z 	42020.871527776966 	42.4646628 	6.1405206 	14.88700008392334 	1508.5999755859375 	38.09600067138672 	4.616789817810059 	28.4821
2015-01-16T20:59:59.999Z 	42020.874999999185 	42.4754675 	6.1412013 	14.949000358581543 	1508.800048828125 	38.086700439453125 	4.622389793395996 	28.4579
2015-01-16T21:04:59.999Z 	42020.878472221404 	42.4861955 	6.1417437 	15.013999938964844 	1509.0 	38.080299377441406 	4.628600120544434 	28.4405
2015-01-16T21:09:59.999Z 	42020.88194444362 	42.4969546 	6.1417302 	15.04699993133545 	1509.0 	38.07979965209961 	4.6320600509643555 	28.4355
2015-01-16T21:14:59.999Z 	42020.88541666584 	42.5078427 	6.1414378 	15.043000221252441 	1509.0 	38.08480072021484 	4.632160186767578 	28.4405
2015-01-16T21:19:59.999Z 	42020.88888888806 	42.5186079 	6.1412404 	15.02400016784668 	1509.0 	38.09159851074219 	4.630839824676514 	28.4504
2015-01-16T21:24:59.999Z 	42020.89236111028 	42.5292771 	6.1411728 	14.994000434875488 	1508.9000244140625 	38.09619903564453 	4.628190040588379 	28.4625
2015-01-16T21:29:59.999Z 	42020.8958333325 	42.5399932 	6.1412176 	14.918000221252441 	1508.5999755859375 	38.10430145263672 	4.62106990814209 	28.4878
2015-01-16T21:34:59.999Z 	42020.89930555472 	42.550683 	6.1411728 	14.781999588012695 	1508.199951171875 	38.11669921875 	4.607940196990967 	28.5283
2015-01-16T21:39:59.999Z 	42020.90277777694 	42.561467 	6.1411044 	14.673999786376953 	1507.800048828125 	38.12620162963867 	4.597559928894043 	28.5602
2015-01-16T21:44:59.999Z 	42020.906249999156 	42.5723702 	6.1408511 	14.515999794006348 	1507.300048828125 	38.14059829711914 	4.582389831542969 	28.6067
2015-01-16T21:49:59.999Z 	42020.909722221375 	42.5831906 	6.1403987 	14.565999984741211 	1507.5999755859375 	38.11389923095703 	4.584829807281494 	28.5645
2015-01-16T21:54:59.999Z 	42020.913194443594 	42.5939209 	6.1406417 	14.704999923706055 	1508.0999755859375 	38.09600067138672 	4.597549915313721 	28.5177
2015-01-16T21:59:59.999Z 	42020.91666666581 	42.6045721 	6.141062 	14.8149995803833 	1508.300048828125 	38.08679962158203 	4.608240127563477 	28.4934
2015-01-16T22:04:59.999Z 	42020.92013888803 	42.615211 	6.1415933 	14.760000228881836 	1508.0999755859375 	38.09529876708984 	4.603360176086426 	28.5151
2015-01-16T22:09:59.999Z 	42020.92361111025 	42.6259594 	6.1416054 	14.526000022888184 	1507.4000244140625 	38.13309860229492 	4.582699775695801 	28.5964
2015-01-16T22:14:59.999Z 	42020.92708333247 	42.6365787 	6.1408231 	14.708000183105469 	1508.300048828125 	38.080299377441406 	4.5962300300598145 	28.4849
2015-01-16T22:19:59.999Z 	42020.93055555469 	42.6470736 	6.139721 	15.102999687194824 	1509.300048828125 	38.05419921875 	4.635210037231445 	28.3942
2015-01-16T22:24:59.999Z 	42020.93402777691 	42.6577103 	6.1400096 	15.234999656677246 	1509.699951171875 	38.04520034790039 	4.648139953613281 	28.3608
2015-01-16T22:29:59.999Z 	42020.93749999913 	42.6682872 	6.1406704 	15.276000022888184 	1509.699951171875 	38.04510116577149 	4.652520179748535 	28.358
2015-01-16T22:34:59.999Z 	42020.940972221346 	42.6789479 	6.1406306 	15.21500015258789 	1509.5 	38.05160140991211 	4.646719932556152 	28.3789
2015-01-16T22:39:59.999Z 	42020.944444443565 	42.689657 	6.1404505 	15.184000015258789 	1509.5 	38.05289840698242 	4.64355993270874 	28.378
2015-01-16T22:44:59.999Z 	42020.947916665784 	42.700164 	6.1408073 	15.293999671936035 	1509.800048828125 	38.04079818725586 	4.653940200805664 	28.3447
2015-01-16T22:49:59.999Z 	42020.951388888 	42.710596 	6.1410681 	15.407999992370605 	1510.300048828125 	38.02830123901367 	4.664629936218262 	28.3047
2015-01-16T22:54:59.999Z 	42020.95486111022 	42.7209212 	6.1413843 	15.506999969482422 	1510.5 	38.018798828125 	4.674099922180176 	28.2762
2015-01-16T22:59:59.999Z 	42020.95833333244 	42.7313052 	6.1412739 	15.651000022888184 	1511.0 	38.008201599121094 	4.6882500648498535 	28.2368
2015-01-16T23:04:59.999Z 	42020.96180555466 	42.7417287 	6.1409621 	15.734000205993652 	1511.199951171875 	38.000099182128906 	4.696090221405029 	28.2137
2015-01-16T23:09:59.999Z 	42020.96527777688 	42.7524619 	6.1408138 	15.755000114440918 	1511.199951171875 	38.007301330566406 	4.6991400718688965 	28.2182
2015-01-16T23:14:59.999Z 	42020.9687499991 	42.7632657 	6.1406753 	15.73799991607666 	1511.0999755859375 	38.00559997558594 	4.69720983505249 	28.2205
2015-01-16T23:19:59.999Z 	42020.97222222132 	42.7742334 	6.1404573 	15.711999893188477 	1511.0999755859375 	38.003700256347656 	4.694149971008301 	28.2239
2015-01-16T23:24:59.999Z 	42020.975694443536 	42.7852049 	6.1398251 	15.704999923706055 	1511.0 	38.00960159301758 	4.694149971008301 	28.2318
2015-01-16T23:29:59.999Z 	42020.979166665755 	42.7961587 	6.1396878 	15.718999862670898 	1511.0999755859375 	38.01210021972656 	4.695879936218262 	28.2283
2015-01-16T23:34:59.999Z 	42020.982638887974 	42.8069045 	6.1406431 	15.8100004196167 	1511.4000244140625 	37.99909973144531 	4.704130172729492 	28.1943
2015-01-16T23:39:59.999Z 	42020.98611111019 	42.8177125 	6.1410991 	15.902999877929688 	1511.699951171875 	37.99409866333008 	4.713389873504639 	28.17
2015-01-16T23:44:59.999Z 	42020.98958333241 	42.8284787 	6.1410362 	15.984999656677246 	1511.9000244140625 	37.99259948730469 	4.721950054168701 	28.1513
2015-01-16T23:49:59.999Z 	42020.99305555463 	42.839424 	6.1405769 	16.013999938964844 	1512.0 	37.992000579833984 	4.724999904632568 	28.1458
2015-01-16T23:54:59.999Z 	42020.99652777685 	42.8504006 	6.1402647 	16.02400016784668 	1512.0 	37.98400115966797 	4.725200176239014 	28.1375
2015-01-16T23:59:59.999Z 	42020.99999999907 	42.8612492 	6.1402312 					
