time 	latitude 	longitude 	water temperature 	water sound speed 	water salinity 	water conductivity 	anomaly of water mass density
2015-01-23T00:00:00.000Z 	42027.0 	43.4789073 	7.535597000000001 	15.067000389099121 	1509.0999755859375 	38.05830001831055 	4.631849765777588 	28.4126
2015-01-23T00:04:59.999Z 	42027.00347222222 	43.4705678 	7.528219399999999 	15.032999992370605 	1509.0999755859375 	38.056400299072266 	4.627989768981934 	28.4147
2015-01-23T00:09:59.999Z 	42027.00694444444 	43.4616815 	7.515744400000001 	15.048999786376953 	1509.0999755859375 	38.05030059814453 	4.629000186920166 	28.4056
2015-01-23T00:14:59.999Z 	42027.01041666666 	43.454475 	7.5009635999999995 	15.07800006866455 	1509.199951171875 	38.04069900512695 	4.631040096282959 	28.3941
2015-01-23T00:19:59.999Z 	42027.013888888876 	43.4470456 	7.486321300000001 	15.088000297546387 	1509.199951171875 	38.04560089111328 	4.632669925689697 	28.3922
2015-01-23T00:24:59.999Z 	42027.017361111095 	43.4394621 	7.4713652 	15.08899974822998 	1509.199951171875 	38.05329895019531 	4.633590221405029 	28.4035
2015-01-23T00:29:59.999Z 	42027.020833333314 	43.4320056 	7.4559897 	14.968000411987305 	1508.800048828125 	38.059200286865234 	4.621469974517822 	28.4373
2015-01-23T00:34:59.999Z 	42027.02430555553 	43.4246794 	7.440717600000001 	14.901000022888184 	1508.5999755859375 	38.064701080322266 	4.614960193634033 	28.4553
2015-01-23T00:39:59.999Z 	42027.02777777775 	43.4175279 	7.4250473999999995 	14.822999954223633 	1508.300048828125 	38.073001861572266 	4.607629776000977 	28.48
2015-01-23T00:44:59.999Z 	42027.03124999997 	43.410067 	7.4094353 	14.597999572753906 	1508.5 	38.10029983520508 	4.586770057678223 	28.4883
2015-01-23T00:49:59.999Z 	42027.03472222219 	43.4016511 	7.3946668 	15.097000122070312 	1509.300048828125 	38.04710006713867 	4.633790016174316 	28.3894
2015-01-23T00:54:59.999Z 	42027.03819444441 	43.3938623 	7.379611 	15.145000457763672 	1509.4000244140625 	38.04180145263672 	4.638269901275635 	28.3778
2015-01-23T00:59:59.999Z 	42027.04166666663 	43.3860866 	7.3642317 	15.116000175476074 	1509.300048828125 	38.04010009765625 	4.635009765625 	28.3859
2015-01-23T01:04:59.999Z 	42027.04513888885 	43.3784873 	7.3484453 	15.04800033569336 	1509.0999755859375 	38.04909896850586 	4.628799915313721 	28.4084
2015-01-23T01:09:59.999Z 	42027.048611111066 	43.370945 	7.3330678 	14.932000160217285 	1508.800048828125 	38.05929946899414 	4.617599964141846 	28.4349
2015-01-23T01:14:59.999Z 	42027.052083333285 	43.3634362 	7.3182811999999995 	15.092000007629395 	1509.4000244140625 	38.03960037231445 	4.63247013092041 	28.3786
2015-01-23T01:19:59.999Z 	42027.055555555504 	43.3556269 	7.303478800000001 	15.25100040435791 	1509.800048828125 	38.017799377441406 	4.646920204162598 	28.3277
2015-01-23T01:24:59.999Z 	42027.05902777772 	43.3478905 	7.288429 	15.357000350952148 	1510.0999755859375 	38.01530075073242 	4.657810211181641 	28.3079
2015-01-23T01:29:59.999Z 	42027.06249999994 	43.3403544 	7.2729541 	15.354999542236328 	1510.0 	38.01350021362305 	4.657400131225586 	28.3111
2015-01-23T01:34:59.999Z 	42027.06597222216 	43.3329428 	7.257070099999999 	15.293000221252441 	1509.800048828125 	38.02180099487305 	4.651800155639648 	28.3326
2015-01-23T01:39:59.999Z 	42027.06944444438 	43.3257298 	7.241176600000001 	15.263999938964844 	1509.800048828125 	38.02170181274414 	4.648650169372559 	28.3323
2015-01-23T01:44:59.999Z 	42027.0729166666 	43.3182738 	7.2257902 	15.282999992370605 	1509.800048828125 	38.02909851074219 	4.651500225067139 	28.3385
2015-01-23T01:49:59.999Z 	42027.07638888882 	43.3103291 	7.210578099999999 	15.281999588012695 	1509.800048828125 	38.02880096435547 	4.651400089263916 	28.3366
2015-01-23T01:54:59.999Z 	42027.07986111104 	43.3023922 	7.195234799999999 	15.279999732971191 	1509.800048828125 	38.0276985168457 	4.650990009307861 	28.3398
2015-01-23T01:59:59.999Z 	42027.083333333256 	43.2945456 	7.1802562 	15.288000106811523 	1509.800048828125 	38.020599365234375 	4.651090145111084 	28.3277
2015-01-23T02:04:59.999Z 	42027.086805555475 	43.2865069 	7.1652594999999994 	15.347000122070312 	1510.0 	38.0172004699707 	4.6570000648498535 	28.3115
2015-01-23T02:09:59.999Z 	42027.090277777694 	43.278271 	7.1500401 	15.336999893188477 	1510.0 	38.018798828125 	4.6560797691345215 	28.3182
2015-01-23T02:14:59.999Z 	42027.09374999991 	43.2705203 	7.1344789 	15.310999870300293 	1509.9000244140625 	38.026798248291016 	4.654250144958496 	28.3284
2015-01-23T02:19:59.999Z 	42027.09722222213 	43.2627529 	7.1184283 	15.253999710083008 	1509.699951171875 	38.032901763916016 	4.648849964141846 	28.3481
2015-01-23T02:24:59.999Z 	42027.10069444435 	43.2549136 	7.1023102 	15.027000427246094 	1508.800048828125 	38.05500030517578 	4.627170085906982 	28.4286
2015-01-23T02:29:59.999Z 	42027.10416666657 	43.2474501 	7.0867531 	14.737000465393066 	1508.199951171875 	38.08190155029297 	4.599490165710449 	28.4968
2015-01-23T02:34:59.999Z 	42027.10763888879 	43.2400429 	7.0716869 	14.803000450134277 	1508.300048828125 	38.0536994934082 	4.603360176086426 	28.468
2015-01-23T02:39:59.999Z 	42027.11111111101 	43.2325006 	7.0563233 	14.734000205993652 	1508.0999755859375 	38.060001373291016 	4.596839904785156 	28.4814
2015-01-23T02:44:59.999Z 	42027.11458333323 	43.2252177 	7.0417961 	14.758999824523926 	1508.199951171875 	38.058799743652344 	4.599279880523682 	28.4761
2015-01-23T02:49:59.999Z 	42027.118055555446 	43.2179713 	7.027669 	14.756999969482422 	1508.199951171875 	38.060199737548835 	4.599279880523682 	28.4766
2015-01-23T02:54:59.999Z 	42027.121527777665 	43.2098911 	7.0166866 	14.723999977111816 	1508.0999755859375 	38.06079864501953 	4.59581995010376 	28.4866
2015-01-23T02:59:59.999Z 	42027.12499999988 	43.2015769 	7.01127 	14.706999778747559 	1508.0999755859375 	38.06769943237305 	4.5948100090026855 	28.4929
2015-01-23T03:04:59.999Z 	42027.1284722221 	43.192576 	7.0096201 	14.70199966430664 	1508.0999755859375 	38.069698333740234 	4.5945000648498535 	28.4955
2015-01-23T03:09:59.999Z 	42027.13194444432 	43.1836719 	7.0121944 	14.704999923706055 	1508.0999755859375 	38.069801330566406 	4.5948100090026855 	28.4944
2015-01-23T03:14:59.999Z 	42027.13541666654 	43.1766547 	7.0191926 	14.746000289916992 	1508.199951171875 	38.065399169921875 	4.59867000579834 	28.4829
2015-01-23T03:19:59.999Z 	42027.13888888876 	43.1718432 	7.0285357 	14.758999824523926 	1508.199951171875 	38.0619010925293 	4.599689960479736 	28.4773
2015-01-23T03:24:59.999Z 	42027.14236111098 	43.1681085 	7.0385914 	14.73900032043457 	1508.199951171875 	38.05899810791016 	4.597249984741211 	28.4793
2015-01-23T03:29:59.999Z 	42027.1458333332 	43.1649597 	7.0490847 	14.767000198364258 	1508.300048828125 	38.05350112915039 	4.599589824676514 	28.4673
2015-01-23T03:34:59.999Z 	42027.14930555542 	43.1621164 	7.0593661 	14.774999618530273 	1508.300048828125 	38.05730056762695 	4.6008100509643555 	28.4704
2015-01-23T03:39:59.999Z 	42027.152777777635 	43.1625248 	7.0698029 	14.765999794006348 	1508.199951171875 	38.05770111083984 	4.599899768829346 	28.4733
2015-01-23T03:44:59.999Z 	42027.156249999854 	43.1677358 	7.0805459 	14.776000022888184 	1508.300048828125 	38.055999755859375 	4.6008100509643555 	28.4691
2015-01-23T03:49:59.999Z 	42027.15972222207 	43.1756612 	7.0918243 	14.788999557495117 	1508.300048828125 	38.05339813232422 	4.601930141448975 	28.4643
2015-01-23T03:54:59.999Z 	42027.16319444429 	43.1828177 	7.104544 	14.793999671936035 	1508.300048828125 	38.05310058593751 	4.602340221405029 	28.4634
2015-01-23T03:59:59.999Z 	42027.16666666651 	43.1894424 	7.1180067 	14.79699993133545 	1508.300048828125 	38.05059814453125 	4.602439880371094 	28.4605
2015-01-23T04:04:59.999Z 	42027.17013888873 	43.1960465 	7.1317424 	14.802000045776367 	1508.300048828125 	38.05160140991211 	4.603050231933594 	28.461
2015-01-23T04:09:59.999Z 	42027.17361111095 	43.2025997 	7.1455717 	14.802000045776367 	1508.300048828125 	38.064800262451165 	4.604479789733887 	28.4719
2015-01-23T04:14:59.999Z 	42027.17708333317 	43.2092992 	7.1597036 	14.748000144958496 	1508.0999755859375 	38.08869934082031 	4.601319789886475 	28.5081
2015-01-23T04:19:59.999Z 	42027.18055555539 	43.2164985 	7.1729677 	14.635000228881836 	1507.800048828125 	38.098201751708984 	4.590429782867432 	28.5348
2015-01-23T04:24:59.999Z 	42027.18402777761 	43.2237387 	7.186078 	14.642000198364258 	1507.9000244140625 	38.09600067138672 	4.590939998626709 	28.5294
2015-01-23T04:29:59.999Z 	42027.187499999825 	43.2307993 	7.1993435 	14.668000221252441 	1508.300048828125 	38.090599060058594 	4.593080043792725 	28.496
2015-01-23T04:34:59.999Z 	42027.190972222044 	43.2375874 	7.211997199999999 	15.09000015258789 	1509.300048828125 	38.04069900512695 	4.632359981536865 	28.3817
2015-01-23T04:39:59.999Z 	42027.19444444426 	43.2439682 	7.224765399999999 	15.204000473022461 	1509.5999755859375 	38.03609848022461 	4.643869876861572 	28.3559
2015-01-23T04:44:59.999Z 	42027.19791666648 	43.2502583 	7.2375514 	15.253000259399414 	1509.800048828125 	38.031700134277344 	4.648650169372559 	28.3437
2015-01-23T04:49:59.999Z 	42027.2013888887 	43.2565976 	7.250731 	15.293000221252441 	1509.9000244140625 	38.028099060058594 	4.6524200439453125 	28.3326
2015-01-23T04:54:59.999Z 	42027.20486111092 	43.2629171 	7.264078499999999 	15.269000053405762 	1509.800048828125 	38.03099822998047 	4.650179862976074 	28.3425
2015-01-23T04:59:59.999Z 	42027.20833333314 	43.2692156 	7.2776159 	15.215999603271484 	1509.5999755859375 	38.032501220703125 	4.644780158996582 	28.3583
2015-01-23T05:04:59.999Z 	42027.21180555536 	43.2753995 	7.291229799999999 	15.128000259399414 	1509.300048828125 	38.03519821166992 	4.6357197761535645 	28.3802
2015-01-23T05:09:59.999Z 	42027.21527777758 	43.2815823 	7.304787600000001 	14.805000305175781 	1508.300048828125 	38.07740020751953 	4.606210231781006 	28.4845
2015-01-23T05:14:59.999Z 	42027.218749999796 	43.2878859 	7.3177361 	14.83899974822998 	1508.5 	38.06269836425781 	4.608139991760254 	28.4594
2015-01-23T05:19:59.999Z 	42027.222222222015 	43.294514 	7.3303697 	14.911999702453613 	1508.699951171875 	38.05950164794922 	4.615570068359375 	28.4425
2015-01-23T05:24:59.999Z 	42027.225694444234 	43.3010587 	7.343021500000001 	14.96399974822998 	1508.9000244140625 	38.05759811401367 	4.6208600997924805 	28.429
2015-01-23T05:29:59.999Z 	42027.22916666645 	43.3074599 	7.355990599999999 	14.986000061035156 	1508.9000244140625 	38.05569839477539 	4.623000144958496 	28.4251
2015-01-23T05:34:59.999Z 	42027.23263888867 	43.3138781 	7.3695799 	14.961000442504883 	1508.699951171875 	38.060298919677734 	4.6208600997924805 	28.4436
2015-01-23T05:39:59.999Z 	42027.23611111089 	43.3211219 	7.382731499999999 	14.746000289916992 	1508.0999755859375 	38.095699310302734 	4.601930141448975 	28.5149
2015-01-23T05:44:59.999Z 	42027.23958333311 	43.3286565 	7.396119999999999 	14.689000129699707 	1508.0 	38.088401794433594 	4.595109939575195 	28.5176
2015-01-23T05:49:59.999Z 	42027.24305555533 	43.3360753 	7.40977 	14.633000373840332 	1507.699951171875 	38.104000091552734 	4.590839862823486 	28.5457
2015-01-23T05:54:59.999Z 	42027.24652777755 	43.3434039 	7.423738599999999 	14.571999549865723 	1507.5999755859375 	38.11819839477539 	4.585949897766113 	28.5647
2015-01-23T05:59:59.999Z 	42027.24999999977 	43.3505512 	7.4376745 	14.62399959564209 	1508.0999755859375 	38.11479949951172 	4.591040134429932 	28.5338
2015-01-23T06:04:59.999Z 	42027.253472221986 	43.3574006 	7.4508329 	14.814000129699707 	1508.4000244140625 	38.06949996948242 	4.60630989074707 	28.4683
2015-01-23T06:09:59.999Z 	42027.256944444205 	43.3640897 	7.464392799999999 	14.88700008392334 	1508.5999755859375 	38.064800262451165 	4.613430023193359 	28.4538
2015-01-23T06:14:59.999Z 	42027.260416666424 	43.3708849 	7.4780298 	14.927000045776367 	1508.699951171875 	38.062198638916016 	4.617400169372559 	28.4425
2015-01-23T06:19:59.999Z 	42027.26388888864 	43.3777295 	7.491990299999999 	14.949999809265137 	1508.800048828125 	38.04859924316406 	4.618420124053955 	28.425
2015-01-23T06:24:59.999Z 	42027.26736111086 	43.3846932 	7.5063282 	14.975000381469727 	1508.9000244140625 	38.04930114746094 	4.62106990814209 	28.4198
2015-01-23T06:29:59.999Z 	42027.27083333308 	43.3917129 	7.5208352000000005 	14.984000205993652 	1508.9000244140625 	38.046199798583984 	4.621679782867432 	28.4173
2015-01-23T06:34:59.999Z 	42027.2743055553 	43.3985954 	7.5351535 	14.961999893188477 	1508.800048828125 	38.05400085449219 	4.620250225067139 	28.4284
2015-01-23T06:39:59.999Z 	42027.27777777752 	43.4055192 	7.549670099999999 	14.96500015258789 	1508.800048828125 	38.054100036621094 	4.620560169219971 	28.4273
2015-01-23T06:44:59.999Z 	42027.28124999974 	43.4125177 	7.564183899999999 	14.95300006866455 	1508.800048828125 	38.060001373291016 	4.619949817657471 	28.4342
2015-01-23T06:49:59.999Z 	42027.28472222196 	43.4192638 	7.578263 	14.925999641418457 	1508.699951171875 	38.05720138549805 	4.616789817810059 	28.4388
2015-01-23T06:54:59.999Z 	42027.288194444176 	43.4254876 	7.591984100000001 	14.932999610900879 	1508.800048828125 	38.05609893798828 	4.617400169372559 	28.4338
2015-01-23T06:59:59.999Z 	42027.291666666395 	43.4273065 	7.604017300000001 	14.960000038146973 	1508.800048828125 	38.057899475097656 	4.620450019836426 	28.4315
2015-01-23T07:04:59.999Z 	42027.295138888614 	43.4242199 	7.6142629 	14.892000198364258 	1508.5 	38.06510162353516 	4.614039897918701 	28.4574
2015-01-23T07:09:59.999Z 	42027.29861111083 	43.4168085 	7.621366999999999 	14.897000312805176 	1508.5999755859375 	38.062198638916016 	4.614250183105469 	28.4524
2015-01-23T07:14:59.999Z 	42027.30208333305 	43.4078997 	7.6270732 	14.925000190734863 	1508.699951171875 	38.06520080566406 	4.617499828338623 	28.4465
2015-01-23T07:19:59.999Z 	42027.30555555527 	43.3991798 	7.632510000000001 	14.92300033569336 	1508.699951171875 	38.074798583984375 	4.618319988250732 	28.4576
2015-01-23T07:24:59.999Z 	42027.30902777749 	43.3912568 	7.6371303 	14.819999694824219 	1508.199951171875 	38.07830047607422 	4.607830047607422 	28.4924
2015-01-23T07:29:59.999Z 	42027.31249999971 	43.3828399 	7.639818299999999 	14.211000442504883 	1506.300048828125 	38.12910079956055 	4.549009799957275 	28.6656
2015-01-23T07:34:59.999Z 	42027.31597222193 	43.3741194 	7.637088699999999 	14.072999954223633 	1506.0 	38.15119934082031 	4.536799907684326 	28.7021
2015-01-23T07:39:59.999Z 	42027.31944444415 	43.3662668 	7.626830599999999 	14.204000473022461 	1506.5 	38.13059997558594 	4.548500061035156 	28.6505
2015-01-23T07:44:59.999Z 	42027.322916666366 	43.3604139 	7.610441 	14.479000091552734 	1507.699951171875 	38.09080123901367 	4.573229789733887 	28.5356
2015-01-23T07:49:59.999Z 	42027.326388888585 	43.353222 	7.5949325 	14.628999710083008 	1507.699951171875 	38.0900993347168 	4.588900089263916 	28.5391
2015-01-23T07:54:59.999Z 	42027.329861110804 	43.3457909 	7.5802198 	14.895999908447266 	1508.5999755859375 	38.06760025024414 	4.614759922027588 	28.4542
2015-01-23T07:59:59.999Z 	42027.33333333302 	43.33862 	7.5645179 	14.88599967956543 	1508.5999755859375 	38.06930160522461 	4.613840103149414 	28.4604
2015-01-23T08:04:59.999Z 	42027.33680555524 	43.3311963 	7.549286499999999 	14.836999893188477 	1508.4000244140625 	38.07699966430664 	4.60945987701416 	28.478
2015-01-23T08:09:59.999Z 	42027.34027777746 	43.3236407 	7.5344764 	14.803999900817871 	1508.300048828125 	38.076900482177734 	4.605999946594238 	28.4843
2015-01-23T08:14:59.999Z 	42027.34374999968 	43.3160904 	7.519557000000001 	14.746000289916992 	1508.0 	38.08150100708008 	4.600399971008301 	28.5074
2015-01-23T08:19:59.999Z 	42027.3472222219 	43.3085272 	7.5044174 	14.548999786376953 	1507.0 	38.10380172729492 	4.581980228424072 	28.5991
2015-01-23T08:24:59.999Z 	42027.35069444412 	43.3006593 	7.490340000000001 	14.315999984741211 	1506.9000244140625 	38.12260055541992 	4.559390068054199 	28.6183
2015-01-23T08:29:59.999Z 	42027.35416666634 	43.2927136 	7.4756531 	14.432000160217285 	1506.800048828125 	37.78519821166992 	4.53557014465332 	28.3408
2015-01-23T08:34:59.999Z 	42027.357638888556 	43.2848746 	7.4606268 	14.38599967956543 	1507.4000244140625 	38.10689926147461 	4.565090179443359 	28.5716
2015-01-23T08:39:59.999Z 	42027.361111110775 	43.2774837 	7.445365600000001 	14.642999649047852 	1507.800048828125 	38.10480117797851 	4.5919599533081055 	28.5424
2015-01-23T08:44:59.999Z 	42027.364583332994 	43.2704914 	7.4302927 	14.559000015258789 	1507.4000244140625 	38.07419967651367 	4.579850196838379 	28.5449
2015-01-23T08:49:59.999Z 	42027.36805555521 	43.2629069 	7.415582999999999 	14.423999786376953 	1507.199951171875 	38.0442008972168 	4.562439918518066 	28.5289
2015-01-23T08:54:59.999Z 	42027.37152777743 	43.2552165 	7.4006611 	14.553000450134277 	1507.4000244140625 	37.99959945678711 	4.571189880371094 	28.4789
2015-01-23T08:59:59.999Z 	42027.37499999965 	43.2474916 	7.385814700000001 	14.496999740600586 	1507.300048828125 	38.04399871826172 	4.570079803466797 	28.527
2015-01-23T09:04:59.999Z 	42027.37847222187 	43.2397591 	7.370593200000001 	14.475000381469727 	1507.199951171875 	37.99679946899414 	4.562749862670898 	28.4925
2015-01-23T09:09:59.999Z 	42027.38194444409 	43.2319648 	7.355050000000001 	14.475000381469727 	1507.199951171875 	38.01300048828125 	4.564479827880859 	28.5028
2015-01-23T09:14:59.999Z 	42027.38541666631 	43.2246454 	7.3402025 	14.765999794006348 	1508.199951171875 	37.98889923095703 	4.592569828033447 	28.416
2015-01-23T09:19:59.999Z 	42027.38888888853 	43.2173384 	7.3253784 	14.937999725341797 	1508.800048828125 	38.00709915161133 	4.612619876861572 	28.3891
2015-01-23T09:24:59.999Z 	42027.392361110746 	43.2099621 	7.310421 	15.092000007629395 	1509.199951171875 	37.96260070800781 	4.624120235443115 	28.3217
2015-01-23T09:29:59.999Z 	42027.395833332965 	43.2024559 	7.2953101 	15.166000366210938 	1509.4000244140625 	37.98809814453125 	4.634699821472168 	28.3286
2015-01-23T09:34:59.999Z 	42027.399305555184 	43.1949987 	7.2800427 	15.149999618530273 	1509.4000244140625 	38.01390075683594 	4.635819911956787 	28.356
2015-01-23T09:39:59.999Z 	42027.4027777774 	43.187419 	7.2649636 	15.079000473022461 	1509.0999755859375 	38.03179931640625 	4.630229949951172 	28.388
2015-01-23T09:44:59.999Z 	42027.40624999962 	43.1797055 	7.2500459 	15.0 	1508.9000244140625 	38.04850006103516 	4.623610019683838 	28.4194
2015-01-23T09:49:59.999Z 	42027.40972222184 	43.1722213 	7.2353801 	14.892999649047852 	1508.5999755859375 	38.06439971923828 	4.614039897918701 	28.4551
2015-01-23T09:54:59.999Z 	42027.41319444406 	43.1644959 	7.2202537 	14.812999725341797 	1508.4000244140625 	38.070899963378906 	4.60630989074707 	28.4754
2015-01-23T09:59:59.999Z 	42027.41666666628 	43.1568203 	7.2055038 	14.59000015258789 	1507.5999755859375 	38.09080123901367 	4.584929943084717 	28.5412
2015-01-23T10:04:59.999Z 	42027.4201388885 	43.1491008 	7.1909218 	14.543999671936035 	1507.5 	38.09600067138672 	4.580560207366943 	28.5543
2015-01-23T10:09:59.999Z 	42027.42361111072 	43.1413971 	7.1762563 	14.510000228881836 	1507.4000244140625 	38.0984992980957 	4.577300071716309 	28.5641
2015-01-23T10:14:59.999Z 	42027.427083332936 	43.1341283 	7.1614132 	14.482999801635742 	1507.300048828125 	38.097801208496094 	4.574349880218506 	28.5684
2015-01-23T10:19:59.999Z 	42027.430555555155 	43.1270995 	7.1467595 	14.472000122070312 	1507.300048828125 	38.09930038452149 	4.573329925537109 	28.5717
2015-01-23T10:24:59.999Z 	42027.43402777737 	43.119611 	7.1318161 	14.45300006866455 	1507.199951171875 	38.100799560546875 	4.571499824523926 	28.5776
2015-01-23T10:29:59.999Z 	42027.43749999959 	43.1119981 	7.1169939 	14.402999877929688 	1507.0999755859375 	38.10660171508789 	4.56682014465332 	28.5942
2015-01-23T10:34:59.999Z 	42027.44097222181 	43.10789 	7.1062123 	14.35200023651123 	1506.9000244140625 	38.112201690673835 	4.562039852142334 	28.6087
2015-01-23T10:39:59.999Z 	42027.44444444403 	43.1072105 	7.0951892 	14.288999557495117 	1506.699951171875 	38.127899169921875 	4.557149887084961 	28.6351
2015-01-23T10:44:59.999Z 	42027.44791666625 	43.1112367 	7.0841088 	14.258000373840332 	1506.5999755859375 	38.13359832763672 	4.554510116577148 	28.6458
2015-01-23T10:49:59.999Z 	42027.45138888847 	43.1172167 	7.07379 	14.253999710083008 	1506.5999755859375 	38.135601043701165 	4.554200172424316 	28.648
2015-01-23T10:54:59.999Z 	42027.45486111069 	43.1229774 	7.0635345 	14.272000312805176 	1507.0 	38.13190078735351 	4.555729866027832 	28.6204
2015-01-23T10:59:59.999Z 	42027.45833333291 	43.1283214 	7.053478 	14.501999855041504 	1507.4000244140625 	38.091800689697266 	4.575779914855957 	28.5579
2015-01-23T11:04:59.999Z 	42027.461805555125 	43.1335635 	7.0438827 	14.529000282287598 	1507.5 	38.08760070800781 	4.578120231628418 	28.5474
2015-01-23T11:09:59.999Z 	42027.465277777344 	43.1375514 	7.0361492 	14.553000450134277 	1507.5999755859375 	38.08420181274414 	4.580249786376953 	28.5405
2015-01-23T11:14:59.999Z 	42027.46874999956 	43.1399845 	7.0303268 	14.565999984741211 	1507.5999755859375 	38.08440017700195 	4.581679821014404 	28.5384
2015-01-23T11:19:59.999Z 	42027.47222222178 	43.1406796 	7.020644 	14.579000473022461 	1507.5999755859375 	38.08369827270508 	4.583000183105469 	28.5355
2015-01-23T11:24:59.999Z 	42027.475694444 	43.1416007 	7.0030451 	14.701000213623047 	1508.0999755859375 	38.06719970703125 	4.594089984893799 	28.4925
2015-01-23T11:29:59.999Z 	42027.47916666622 	43.140366 	6.9832554 	14.756999969482422 	1508.300048828125 	38.061798095703125 	4.599390029907227 	28.4742
2015-01-23T11:34:59.999Z 	42027.48263888844 	43.1360249 	6.9629083 	14.871000289916992 	1508.5999755859375 	38.05619812011719 	4.610889911651611 	28.4444
2015-01-23T11:39:59.999Z 	42027.48611111066 	43.1297428 	6.94355 	14.996999740600586 	1509.0 	38.04930114746094 	4.623410224914551 	28.4131
2015-01-23T11:44:59.999Z 	42027.48958333288 	43.1233274 	6.9246249 	14.883000373840332 	1508.699951171875 	38.058799743652344 	4.612410068511963 	28.4443
2015-01-23T11:49:59.999Z 	42027.493055555096 	43.1166207 	6.9063836 	14.795999526977539 	1508.199951171875 	38.07120132446289 	4.604579925537109 	28.4857
2015-01-23T11:54:59.999Z 	42027.496527777315 	43.1100876 	6.8874471 	14.8100004196167 	1508.4000244140625 	38.051898956298835 	4.603970050811768 	28.459
2015-01-23T11:59:59.999Z 	42027.499999999534 	43.1043339 	6.8684733 	14.854000091552734 	1508.5 	38.054298400878906 	4.608850002288818 	28.4483
2015-01-23T12:04:59.999Z 	42027.50347222175 	43.0989332 	6.8493525 	15.190999984741211 	1509.699951171875 	38.03139877319336 	4.642029762268066 	28.3506
2015-01-23T12:09:59.999Z 	42027.50694444397 	43.0935127 	6.8303511 	15.291000366210938 	1509.800048828125 	38.02819824218751 	4.652210235595703 	28.3352
2015-01-23T12:14:59.999Z 	42027.51041666619 	43.0880793 	6.8106957 	15.369000434875488 	1510.0999755859375 	38.00970077514649 	4.658520221710205 	28.3003
2015-01-23T12:19:59.999Z 	42027.51388888841 	43.0829593 	6.7919388 	15.451000213623047 	1510.300048828125 	38.00019836425781 	4.6661601066589355 	28.2744
2015-01-23T12:24:59.999Z 	42027.51736111063 	43.0779066 	6.7724142 	15.522000312805176 	1510.5 	37.99760055541992 	4.673379898071289 	28.2575
2015-01-23T12:29:59.999Z 	42027.52083333285 	43.0729888 	6.7525175 	15.543999671936035 	1510.5999755859375 	37.99860000610351 	4.675829887390137 	28.2545
2015-01-23T12:34:59.999Z 	42027.52430555507 	43.0680783 	6.7318144 	15.539999961853027 	1510.5999755859375 	37.99890136718751 	4.675419807434082 	28.2559
2015-01-23T12:39:59.999Z 	42027.527777777286 	43.062734 	6.7113828 	15.536999702453613 	1510.5999755859375 	38.0005989074707 	4.675320148468018 	28.257
2015-01-23T12:44:59.999Z 	42027.531249999505 	43.0568307 	6.6912434 	15.538000106811523 	1510.5999755859375 	38.001800537109375 	4.675519943237305 	28.2579
2015-01-23T12:49:59.999Z 	42027.534722221724 	43.0508711 	6.6708739 	15.53499984741211 	1510.5999755859375 	38.005401611328125 	4.675620079040527 	28.2618
2015-01-23T12:54:59.999Z 	42027.53819444394 	43.0450415 	6.6502692 	15.526000022888184 	1510.5 	38.00849914550781 	4.6750102043151855 	28.2686
2015-01-23T12:59:59.999Z 	42027.54166666616 	43.0393311 	6.6299909 	15.489999771118164 	1510.4000244140625 	38.010601043701165 	4.671450138092041 	28.2786
2015-01-23T13:04:59.999Z 	42027.54513888838 	43.0331511 	6.6093165 	15.527999877929688 	1510.5 	37.99440002441406 	4.673689842224121 	28.2546
2015-01-23T13:09:59.999Z 	42027.5486111106 	43.0271268 	6.5888738 	15.574999809265137 	1510.699951171875 	37.995601654052734 	4.6787800788879395 	28.2449
2015-01-23T13:14:59.999Z 	42027.55208333282 	43.0216371 	6.5683612 	15.593000411987305 	1510.699951171875 	37.997798919677734 	4.680920124053955 	28.2442
2015-01-23T13:19:59.999Z 	42027.55555555504 	43.0162806 	6.5478227 	15.571999549865723 	1510.5999755859375 	38.00199890136719 	4.679190158843994 	28.2547
2015-01-23T13:24:59.999Z 	42027.55902777726 	43.0110599 	6.5276951 	15.545999526977539 	1510.5999755859375 	38.00400161743164 	4.676640033721924 	28.262
2015-01-23T13:29:59.999Z 	42027.562499999476 	43.0054357 	6.507218 	15.567000389099121 	1510.5999755859375 	37.98970031738281 	4.677249908447266 	28.2444
2015-01-23T13:34:59.999Z 	42027.565972221695 	42.9991494 	6.4870736 	15.600000381469727 	1510.699951171875 	37.98030090332031 	4.679800033569336 	28.2328
2015-01-23T13:39:59.999Z 	42027.569444443914 	42.992822 	6.4668463 	15.574999809265137 	1510.5999755859375 	37.97980117797851 	4.6770501136779785 	28.2367
2015-01-23T13:44:59.999Z 	42027.57291666613 	42.9869233 	6.4468888 	15.579999923706055 	1510.5999755859375 	37.983501434326165 	4.677969932556152 	28.2381
2015-01-23T13:49:59.999Z 	42027.57638888835 	42.9812804 	6.4265967 	15.583999633789062 	1510.699951171875 	37.98509979248047 	4.678579807281494 	28.237
2015-01-23T13:54:59.999Z 	42027.57986111057 	42.9764245 	6.4065711 	15.576000213623047 	1510.5999755859375 	37.98780059814453 	4.678070068359375 	28.2431
2015-01-23T13:59:59.999Z 	42027.58333333279 	42.9734457 	6.3862177 	15.5649995803833 	1510.5999755859375 	37.987300872802734 	4.676849842071533 	28.2441
2015-01-23T14:04:59.999Z 	42027.58680555501 	42.9731967 	6.3650982 	15.562000274658203 	1510.5999755859375 	37.98870086669922 	4.676640033721924 	28.2463
2015-01-23T14:09:59.999Z 	42027.59027777723 	42.9730318 	6.3442647 	15.531999588012695 	1510.5 	37.98270034790039 	4.672770023345947 	28.2481
2015-01-23T14:14:59.999Z 	42027.59374999945 	42.9729982 	6.3237025 	15.520999908447266 	1510.5 	37.98619842529297 	4.672060012817383 	28.2536
2015-01-23T14:19:59.999Z 	42027.597222221666 	42.9731697 	6.3033299 	15.482999801635742 	1510.300048828125 	37.98160171508789 	4.667479991912842 	28.2595
2015-01-23T14:24:59.999Z 	42027.600694443885 	42.9729464 	6.2784958 	15.458999633789062 	1510.199951171875 	37.97330093383789 	4.66402006149292 	28.2586
2015-01-23T14:29:59.999Z 	42027.604166666104 	42.9728682 	6.2630398 	15.473999977111816 	1510.4000244140625 	37.97529983520508 	4.6658501625061035 	28.2507
2015-01-23T14:34:59.999Z 	42027.60763888832 	42.9728854 	6.2432205 	15.555000305175781 	1510.5 	37.97769927978516 	4.674709796905518 	28.2407
2015-01-23T14:39:59.999Z 	42027.61111111054 	42.9730393 	6.2229678 	15.552000045776367 	1510.5999755859375 	37.97570037841797 	4.674200057983398 	28.2369
2015-01-23T14:44:59.999Z 	42027.61458333276 	42.972861 	6.2030564 	15.562999725341797 	1510.5999755859375 	37.97779846191406 	4.675519943237305 	28.2374
2015-01-23T14:49:59.999Z 	42027.61805555498 	42.9751339 	6.1834205 	15.550999641418457 	1510.5999755859375 	37.98080062866211 	4.674610137939453 	28.2424
2015-01-23T14:54:59.999Z 	42027.6215277772 	42.9823061 	6.1664888 	15.484000205993652 	1510.4000244140625 	37.9827995300293 	4.667679786682129 	28.2576
2015-01-23T14:59:59.999Z 	42027.62499999942 	42.9902427 	6.1502226 	15.517000198364258 	1510.4000244140625 	37.98149871826172 	4.671040058135986 	28.2513
2015-01-23T15:04:59.999Z 	42027.62847222164 	42.9984195 	6.1339369 	15.510000228881836 	1510.4000244140625 	37.97909927368164 	4.670129776000977 	28.2493
2015-01-23T15:09:59.999Z 	42027.631944443856 	43.0064435 	6.1167977 	15.26200008392334 	1509.5999755859375 	37.93389892578125 	4.638879776000977 	28.272
2015-01-23T15:14:59.999Z 	42027.635416666075 	43.0137684 	6.098634 	15.27299976348877 	1509.5999755859375 	37.92599868774414 	4.6391801834106445 	28.2639
2015-01-23T15:19:59.999Z 	42027.638888888294 	43.0227554 	6.0817498 	15.409000396728516 	1510.0 	37.95389938354492 	4.656589984893799 	28.2578
2015-01-23T15:24:59.999Z 	42027.64236111051 	43.0322572 	6.065168 	15.414999961853027 	1510.0999755859375 	37.949798583984375 	4.656789779663086 	28.2499
2015-01-23T15:29:59.999Z 	42027.64583333273 	43.042279 	6.0485767 	15.491999626159668 	1510.300048828125 	37.97200012207031 	4.667379856109619 	28.2498
2015-01-23T15:34:59.999Z 	42027.64930555495 	43.0520062 	6.0317598 	15.496999740600586 	1510.300048828125 	37.974998474121094 	4.668290138244629 	28.2536
2015-01-23T15:39:59.999Z 	42027.65277777717 	43.0615002 	6.0145341 	15.510000228881836 	1510.4000244140625 	37.9807014465332 	4.670229911804199 	28.2549
2015-01-23T15:44:59.999Z 	42027.65624999939 	43.0713513 	5.9970865 	15.461999893188477 	1510.0999755859375 	37.96969985961914 	4.663919925689697 	28.2667
