time 	latitude 	longitude 	water temperature 	water sound speed 	water salinity 	water conductivity 	anomaly of water mass density
2015-01-17T00:00:00.000Z 	42021.0 	42.8612492 	6.1402312 	16.018999099731445 	1512.0 	37.980098724365234 	4.7241902351379395 	28.1345
2015-01-17T00:04:59.999Z 	42021.00347222222 	42.8721723 	6.1403306 	16.038000106811523 	1512.0999755859375 	37.98099899291992 	4.726319789886475 	28.1314
2015-01-17T00:09:59.999Z 	42021.00694444444 	42.883154 	6.1406529 	16.045000076293945 	1512.0999755859375 	37.9818000793457 	4.727139949798584 	28.1309
2015-01-17T00:14:59.999Z 	42021.01041666666 	42.8941867 	6.1412993 	16.035999298095703 	1512.0999755859375 	37.980201721191406 	4.726019859313965 	28.1316
2015-01-17T00:19:59.999Z 	42021.013888888876 	42.9031448 	6.1412361 	16.016000747680664 	1512.0 	37.979000091552734 	4.723780155181885 	28.1355
2015-01-17T00:24:59.999Z 	42021.017361111095 	42.9092162 	6.1389043 	16.01099967956543 	1512.0 	37.980899810791016 	4.723470211029053 	28.138
2015-01-17T00:29:59.999Z 	42021.020833333314 	42.9139521 	6.1338365 	15.99899959564209 	1511.9000244140625 	37.98160171508789 	4.722249984741211 	28.1412
2015-01-17T00:34:59.999Z 	42021.02430555553 	42.9145567 	6.1301652 	15.980999946594238 	1511.9000244140625 	37.97999954223633 	4.720109939575195 	28.1448
2015-01-17T00:39:59.999Z 	42021.02777777775 	42.9184067 	6.1336437 	15.961000442504883 	1511.800048828125 	37.97700119018555 	4.71766996383667 	28.145
2015-01-17T00:44:59.999Z 	42021.03124999997 	42.9215049 	6.15097 	15.97700023651123 	1511.9000244140625 	37.98149871826172 	4.719910144805908 	28.1444
2015-01-17T00:49:59.999Z 	42021.03472222219 	42.9248832 	6.1707132 	15.972000122070312 	1511.9000244140625 	37.98419952392578 	4.719709873199463 	28.1492
2015-01-17T00:54:59.999Z 	42021.03819444441 	42.9276945 	6.1904576 	15.958999633789062 	1511.800048828125 	37.983501434326165 	4.718180179595947 	28.1512
2015-01-17T00:59:59.999Z 	42021.04166666663 	42.9306235 	6.2103088 	15.946999549865723 	1511.800048828125 	37.980899810791016 	4.716650009155273 	28.1524
2015-01-17T01:04:59.999Z 	42021.04513888885 	42.9335686 	6.2301287 	15.930999755859375 	1511.800048828125 	37.9827995300293 	4.7151198387146 	28.1559
2015-01-17T01:09:59.999Z 	42021.048611111066 	42.9371021 	6.2497932 	15.934000015258789 	1511.800048828125 	37.98229980468751 	4.715429782867432 	28.1552
2015-01-17T01:14:59.999Z 	42021.052083333285 	42.9406265 	6.2694696 	15.949999809265137 	1511.800048828125 	37.98189926147461 	4.717060089111328 	28.1519
2015-01-17T01:19:59.999Z 	42021.055555555504 	42.9444647 	6.2888754 	16.010000228881836 	1512.0 	37.98860168457031 	4.7241902351379395 	28.1399
2015-01-17T01:24:59.999Z 	42021.05902777772 	42.9483229 	6.3082958 	16.020999908447266 	1512.0 	37.98270034790039 	4.724689960479736 	28.1354
2015-01-17T01:29:59.999Z 	42021.06249999994 	42.9520883 	6.3277124 	16.030000686645508 	1512.0999755859375 	37.987098693847656 	4.7261199951171875 	28.1375
2015-01-17T01:34:59.999Z 	42021.06597222216 	42.9555634 	6.3470821 	16.01099967956543 	1512.0 	37.987998962402344 	4.7241902351379395 	28.1409
2015-01-17T01:39:59.999Z 	42021.06944444438 	42.9589293 	6.3662084 	16.006000518798828 	1512.0 	37.983299255371094 	4.723169803619385 	28.1382
2015-01-17T01:44:59.999Z 	42021.0729166666 	42.9623818 	6.3850815 	16.034000396728516 	1512.0999755859375 	37.98160171508789 	4.726019859313965 	28.1299
2015-01-17T01:49:59.999Z 	42021.07638888882 	42.9657203 	6.4041291 	16.034000396728516 	1512.0999755859375 	37.98059844970703 	4.7259202003479 	28.1313
2015-01-17T01:54:59.999Z 	42021.07986111104 	42.9688435 	6.4234339 	16.031999588012695 	1512.0999755859375 	37.98540115356445 	4.72622013092041 	28.1336
2015-01-17T01:59:59.999Z 	42021.083333333256 	42.9719824 	6.4427602 	16.016000747680664 	1512.0 	37.984500885009766 	4.724390029907227 	28.1363
2015-01-17T02:04:59.999Z 	42021.086805555475 	42.975098 	6.4601646 	16.011999130249023 	1512.0 	37.981098175048835 	4.723569869995117 	28.1355
2015-01-17T02:09:59.999Z 	42021.090277777694 	42.9764838 	6.4689466 	16.010000228881836 	1512.0 	37.981201171875 	4.72337007522583 	28.1357
2015-01-17T02:14:59.999Z 	42021.09374999991 	42.9774309 	6.475296 	16.014999389648438 	1512.0 	37.979400634765625 	4.723680019378662 	28.1328
2015-01-17T02:19:59.999Z 	42021.09722222213 	42.9785524 	6.480751 	16.02199935913086 	1512.0 	37.980499267578125 	4.724589824676514 	28.1347
2015-01-17T02:24:59.999Z 	42021.10069444435 	42.9798142 	6.4830724 	16.009000778198242 	1512.0 	37.97980117797851 	4.72307014465332 	28.133
2015-01-17T02:29:59.999Z 	42021.10416666657 	42.9812058 	6.4831557 	16.018999099731445 	1512.0 	37.98099899291992 	4.724289894104004 	28.1336
2015-01-17T02:34:59.999Z 	42021.10763888879 	42.9787873 	6.479656 	16.020999908447266 	1512.0 	37.980899810791016 	4.724490165710449 	28.1348
2015-01-17T02:39:59.999Z 	42021.11111111101 	42.9787233 	6.4791315 	16.010000228881836 	1512.0 	37.979400634765625 	4.723169803619385 	28.1326
2015-01-17T02:44:59.999Z 	42021.11458333323 	42.978743 	6.4791509 	16.030000686645508 	1512.0999755859375 	37.980899810791016 	4.725510120391846 	28.1321
2015-01-17T02:49:59.999Z 	42021.118055555446 	42.9787161 	6.4790968 	16.02400016784668 	1512.0999755859375 	37.981300354003906 	4.724899768829346 	28.1321
2015-01-17T02:54:59.999Z 	42021.121527777665 	42.9787312 	6.479119 	16.025999069213867 	1512.0999755859375 	37.9818000793457 	4.725100040435791 	28.1319
2015-01-17T02:59:59.999Z 	42021.12499999988 	42.9787177 	6.4791104 	16.027999877929688 	1512.0999755859375 	37.98189926147461 	4.725409984588623 	28.1322
2015-01-17T03:04:59.999Z 	42021.1284722221 	42.9787087 	6.479104 	16.02199935913086 	1512.0999755859375 	37.980201721191406 	4.724490165710449 	28.1317
2015-01-17T03:09:59.999Z 	42021.13194444432 	42.9787211 	6.4791061 	16.025999069213867 	1512.0999755859375 	37.980899810791016 	4.724999904632568 	28.1321
2015-01-17T03:14:59.999Z 	42021.13541666654 	42.976406 	6.4808098 	16.017000198364258 	1512.0 	37.98509979248047 	4.724589824676514 	28.1364
2015-01-17T03:19:59.999Z 	42021.13888888876 	42.9703206 	6.4871462 	16.041000366210938 	1512.0999755859375 	37.98699951171875 	4.727340221405029 	28.1316
2015-01-17T03:24:59.999Z 	42021.14236111098 	42.9619184 	6.4968921 	16.079999923706055 	1512.199951171875 	37.9901008605957 	4.731820106506348 	28.1255
2015-01-17T03:29:59.999Z 	42021.1458333332 	42.9525892 	6.507317 	16.084999084472656 	1512.199951171875 	37.9901008605957 	4.732329845428467 	28.126
2015-01-17T03:34:59.999Z 	42021.14930555542 	42.942562 	6.5175334 	16.086000442504883 	1512.300048828125 	37.989398956298835 	4.732329845428467 	28.1245
2015-01-17T03:39:59.999Z 	42021.152777777635 	42.9320716 	6.5278141 	16.083999633789062 	1512.199951171875 	37.98680114746094 	4.731820106506348 	28.1223
2015-01-17T03:44:59.999Z 	42021.156249999854 	42.9219629 	6.5380117 	16.058000564575195 	1512.0999755859375 	37.987998962402344 	4.7292799949646 	28.1318
2015-01-17T03:49:59.999Z 	42021.15972222207 	42.9146568 	6.5450522 	16.025999069213867 	1512.0 	37.99029922485351 	4.7261199951171875 	28.1405
2015-01-17T03:54:59.999Z 	42021.16319444429 	42.9114571 	6.5491837 	16.0049991607666 	1512.0 	37.989498138427734 	4.723780155181885 	28.1428
2015-01-17T03:59:59.999Z 	42021.16666666651 	42.9087585 	6.5491583 	15.98799991607666 	1511.9000244140625 	37.99029922485351 	4.722050189971924 	28.1478
2015-01-17T04:04:59.999Z 	42021.17013888873 	42.9092927 	6.5487362 	15.984999656677246 	1511.9000244140625 	37.9901008605957 	4.721739768981934 	28.148
2015-01-17T04:09:59.999Z 	42021.17361111095 	42.9103521 	6.547913 	15.980999946594238 	1511.9000244140625 	37.99039840698242 	4.721330165863037 	28.1488
2015-01-17T04:14:59.999Z 	42021.17708333317 	42.9104357 	6.5477646 	15.98900032043457 	1512.0 	37.989898681640625 	4.722149848937988 	28.1469
2015-01-17T04:19:59.999Z 	42021.18055555539 	42.9104303 	6.5477608 	15.98799991607666 	1512.0 	37.99029922485351 	4.722050189971924 	28.1474
2015-01-17T04:24:59.999Z 	42021.18402777761 	42.9104326 	6.547732 	15.993000030517578 	1512.0 	37.989398956298835 	4.722449779510498 	28.1462
2015-01-17T04:29:59.999Z 	42021.187499999825 	42.9104308 	6.5477383 	15.998000144958496 	1512.0 	37.989601135253906 	4.72307014465332 	28.1458
2015-01-17T04:34:59.999Z 	42021.190972222044 	42.9104564 	6.5477037 	15.991000175476074 	1512.0 	37.989498138427734 	4.722249984741211 	28.1452
2015-01-17T04:39:59.999Z 	42021.19444444426 	42.9104269 	6.5477475 	15.987000465393066 	1512.0 	37.9900016784668 	4.721950054168701 	28.1458
2015-01-17T04:44:59.999Z 	42021.19791666648 	42.9104028 	6.5477507 	15.989999771118164 	1512.0 	37.989200592041016 	4.722149848937988 	28.1464
2015-01-17T04:49:59.999Z 	42021.2013888887 	42.9104199 	6.5477413 	15.989999771118164 	1512.0 	37.989200592041016 	4.722149848937988 	28.1455
2015-01-17T04:54:59.999Z 	42021.20486111092 	42.910414 	6.5477475 	15.989999771118164 	1512.0 	37.989200592041016 	4.722149848937988 	28.146
2015-01-17T04:59:59.999Z 	42021.20833333314 	42.9104179 	6.5477099 	15.982999801635742 	1512.0 	37.99029922485351 	4.7215399742126465 	28.1475
2015-01-17T05:04:59.999Z 	42021.21180555536 	42.9104184 	6.5477327 	15.994000434875488 	1512.0 	37.989601135253906 	4.722559928894043 	28.1447
2015-01-17T05:09:59.999Z 	42021.21527777758 	42.9104462 	6.5477172 	15.98799991607666 	1512.0 	37.989398956298835 	4.721950054168701 	28.1452
2015-01-17T05:14:59.999Z 	42021.218749999796 	42.9104316 	6.5477354 	15.982999801635742 	1512.0 	37.989398956298835 	4.721439838409424 	28.1463
2015-01-17T05:19:59.999Z 	42021.222222222015 	42.9104282 	6.547722 	15.98799991607666 	1512.0 	37.99029922485351 	4.722050189971924 	28.1452
2015-01-17T05:24:59.999Z 	42021.225694444234 	42.9104506 	6.5477838 	15.982000350952148 	1512.0 	37.98970031738281 	4.721330165863037 	28.1447
2015-01-17T05:29:59.999Z 	42021.22916666645 	42.9104235 	6.5476951 	15.982999801635742 	1512.0 	37.99029922485351 	4.7215399742126465 	28.1461
2015-01-17T05:34:59.999Z 	42021.23263888867 	42.9104294 	6.5477042 	15.982999801635742 	1512.0 	37.989398956298835 	4.721439838409424 	28.146
2015-01-17T05:39:59.999Z 	42021.23611111089 	42.9104124 	6.5477453 	15.982000350952148 	1512.0 	37.990699768066406 	4.721439838409424 	28.1466
2015-01-17T05:44:59.999Z 	42021.23958333311 	42.9104535 	6.5476869 	15.984999656677246 	1512.0 	37.9901008605957 	4.721739768981934 	28.1468
2015-01-17T05:49:59.999Z 	42021.24305555533 	42.9104272 	6.5477156 	15.980999946594238 	1512.0 	37.99039840698242 	4.721330165863037 	28.1462
2015-01-17T05:54:59.999Z 	42021.24652777755 	42.9104246 	6.5477142 	15.982000350952148 	1512.0 	37.98970031738281 	4.721330165863037 	28.1464
2015-01-17T05:59:59.999Z 	42021.24999999977 	42.9084255 	6.5483938 	15.987000465393066 	1512.0 	37.99089813232422 	4.722050189971924 	28.1478
2015-01-17T06:04:59.999Z 	42021.253472221986 	42.9017725 	6.55455 	15.975000381469727 	1511.9000244140625 	37.99169921875 	4.720829963684082 	28.1502
2015-01-17T06:09:59.999Z 	42021.256944444205 	42.8927686 	6.5655978 	15.954000473022461 	1511.9000244140625 	37.991798400878906 	4.718589782714844 	28.1559
2015-01-17T06:14:59.999Z 	42021.260416666424 	42.8835356 	6.5777532 	15.937999725341797 	1511.800048828125 	37.99309921264649 	4.717060089111328 	28.16
2015-01-17T06:19:59.999Z 	42021.26388888864 	42.8739838 	6.5902146 	15.930999755859375 	1511.800048828125 	37.99509811401367 	4.716549873352051 	28.161
2015-01-17T06:24:59.999Z 	42021.26736111086 	42.8641364 	6.6022758 	15.88700008392334 	1511.5999755859375 	37.99909973144531 	4.7122697830200195 	28.1783
2015-01-17T06:29:59.999Z 	42021.27083333308 	42.8543761 	6.6129175 	15.826000213623047 	1511.4000244140625 	38.00239944458008 	4.706170082092285 	28.1963
2015-01-17T06:34:59.999Z 	42021.2743055553 	42.8466516 	6.6203806 	15.760000228881836 	1511.199951171875 	38.00450134277344 	4.699339866638184 	28.2126
2015-01-17T06:39:59.999Z 	42021.27777777752 	42.8434272 	6.6201352 	15.706999778747559 	1511.0999755859375 	38.00859832763672 	4.694250106811523 	28.2257
2015-01-17T06:44:59.999Z 	42021.28124999974 	42.843836 	6.6196512 	15.710000038146973 	1511.0999755859375 	38.0078010559082 	4.694459915161133 	28.2251
2015-01-17T06:49:59.999Z 	42021.28472222196 	42.8438119 	6.6196468 	15.706999778747559 	1511.0999755859375 	38.007598876953125 	4.694149971008301 	28.2244
2015-01-17T06:54:59.999Z 	42021.288194444176 	42.843812 	6.6196989 	15.708999633789062 	1511.0999755859375 	38.007198333740234 	4.694250106811523 	28.2242
2015-01-17T06:59:59.999Z 	42021.291666666395 	42.8438083 	6.6196319 	15.706999778747559 	1511.0999755859375 	38.00740051269531 	4.694049835205078 	28.225
2015-01-17T07:04:59.999Z 	42021.295138888614 	42.8438139 	6.6196853 	15.706999778747559 	1511.0999755859375 	38.00920104980469 	4.694250106811523 	28.2267
2015-01-17T07:09:59.999Z 	42021.29861111083 	42.8438 	6.619668 	15.706999778747559 	1511.199951171875 	38.00830078125 	4.694149971008301 	28.2193
2015-01-17T07:14:59.999Z 	42021.30208333305 	42.8438198 	6.6196621 	15.701000213623047 	1511.0999755859375 	38.00870132446289 	4.693540096282959 	28.2261
2015-01-17T07:19:59.999Z 	42021.30555555527 	42.8438361 	6.6196554 	15.692999839782715 	1511.0999755859375 	38.010398864746094 	4.692930221557617 	28.231
2015-01-17T07:24:59.999Z 	42021.30902777749 	42.8438106 	6.619708 	15.692000389099121 	1511.0999755859375 	38.00920104980469 	4.692729949951172 	28.2281
2015-01-17T07:29:59.999Z 	42021.31249999971 	42.843829 	6.6196718 	15.694000244140625 	1511.0999755859375 	38.01100158691406 	4.693130016326904 	28.2302
2015-01-17T07:34:59.999Z 	42021.31597222193 	42.8438187 	6.6196869 	15.694999694824219 	1511.0999755859375 	38.011199951171875 	4.693240165710449 	28.229
2015-01-17T07:39:59.999Z 	42021.31944444415 	42.8437774 	6.6196498 	15.687999725341797 	1511.0999755859375 	38.009498596191406 	4.692319869995117 	28.2309
2015-01-17T07:44:59.999Z 	42021.322916666366 	42.8438315 	6.6196437 	15.673999786376953 	1511.0 	38.012298583984375 	4.691100120544434 	28.234
2015-01-17T07:49:59.999Z 	42021.326388888585 	42.8438487 	6.6196916 	15.680999755859375 	1511.0 	38.010601043701165 	4.691709995269775 	28.2335
2015-01-17T07:54:59.999Z 	42021.329861110804 	42.8438201 	6.6196587 	15.677000045776367 	1511.0 	38.010799407958984 	4.691299915313721 	28.2336
2015-01-17T07:59:59.999Z 	42021.33333333302 	42.84382 	6.6196618 	15.678000450134277 	1511.0999755859375 	38.012001037597656 	4.691510200500488 	28.2299
2015-01-17T08:04:59.999Z 	42021.33680555524 	42.8438071 	6.6196684 	15.682000160217285 	1511.0999755859375 	38.010799407958984 	4.691810131072998 	28.23
2015-01-17T08:09:59.999Z 	42021.34027777746 	42.8437751 	6.6196459 	15.687999725341797 	1511.0 	38.01139831542969 	4.6925201416015625 	28.2327
2015-01-17T08:14:59.999Z 	42021.34374999968 	42.8438023 	6.6196625 	15.682999610900879 	1511.0999755859375 	38.012001037597656 	4.692009925842285 	28.2314
2015-01-17T08:19:59.999Z 	42021.3472222219 	42.8438311 	6.6196726 	15.694999694824219 	1511.0999755859375 	38.011199951171875 	4.693240165710449 	28.2303
2015-01-17T08:24:59.999Z 	42021.35069444412 	42.8438108 	6.6196575 	15.6899995803833 	1511.0999755859375 	38.01100158691406 	4.692629814147949 	28.2294
2015-01-17T08:29:59.999Z 	42021.35416666634 	42.8437875 	6.6196898 	15.694999694824219 	1511.0999755859375 	38.011199951171875 	4.693240165710449 	28.2268
2015-01-17T08:34:59.999Z 	42021.357638888556 	42.8452137 	6.6197765 	15.696999549865723 	1511.0999755859375 	38.0098991394043 	4.693240165710449 	28.2295
2015-01-17T08:39:59.999Z 	42021.361111110775 	42.8408749 	6.6273215 	15.670999526977539 	1510.9000244140625 	38.01499938964844 	4.691100120544434 	28.244
2015-01-17T08:44:59.999Z 	42021.364583332994 	42.8300691 	6.6372842 	15.543999671936035 	1510.5 	38.02280044555664 	4.67848014831543 	28.2801
2015-01-17T08:49:59.999Z 	42021.36805555521 	42.8197992 	6.6482559 	15.41100025177002 	1510.0999755859375 	38.03400039672851 	4.665550231933594 	28.3186
2015-01-17T08:54:59.999Z 	42021.37152777743 	42.8096428 	6.6593286 	15.388999938964844 	1510.0999755859375 	38.03580093383789 	4.663410186767578 	28.3203
2015-01-17T08:59:59.999Z 	42021.37499999965 	42.8043941 	6.6609471 	15.37399959564209 	1510.0999755859375 	38.03680038452149 	4.661980152130127 	28.324
2015-01-17T09:04:59.999Z 	42021.37847222187 	42.8041884 	6.6604641 	15.366999626159668 	1510.0999755859375 	38.037899017333984 	4.661369800567627 	28.3259
2015-01-17T09:09:59.999Z 	42021.38194444409 	42.8044166 	6.6607928 	15.364999771118164 	1510.0999755859375 	38.03710174560547 	4.661069869995117 	28.3247
2015-01-17T09:14:59.999Z 	42021.38541666631 	42.8047191 	6.6611018 	15.366999626159668 	1510.0999755859375 	38.037899017333984 	4.661369800567627 	28.3263
2015-01-17T09:19:59.999Z 	42021.38888888853 	42.80494 	6.661177 	15.352999687194824 	1510.0 	38.04079818725586 	4.660150051116943 	28.3314
2015-01-17T09:24:59.999Z 	42021.392361110746 	42.8048975 	6.6611456 	15.345000267028809 	1510.0 	38.04159927368164 	4.659440040588379 	28.332
2015-01-17T09:29:59.999Z 	42021.395833332965 	42.8049171 	6.6611365 	15.345000267028809 	1510.0 	38.04069900512695 	4.659339904785156 	28.3342
2015-01-17T09:34:59.999Z 	42021.399305555184 	42.8049308 	6.6612606 	15.336999893188477 	1510.0 	38.042198181152344 	4.658629894256592 	28.3361
2015-01-17T09:39:59.999Z 	42021.4027777774 	42.804934 	6.6611968 	15.321000099182129 	1510.0 	38.04449844360351 	4.657199859619141 	28.3405
2015-01-17T09:44:59.999Z 	42021.40624999962 	42.8049481 	6.6611973 	15.312999725341797 	1509.9000244140625 	38.046001434326165 	4.656489849090576 	28.3447
2015-01-17T09:49:59.999Z 	42021.40972222184 	42.8049339 	6.6611719 	15.324000358581543 	1509.9000244140625 	38.044898986816406 	4.657609939575195 	28.3444
2015-01-17T09:54:59.999Z 	42021.41319444406 	42.8049544 	6.6611732 	15.284000396728516 	1509.9000244140625 	38.04800033569336 	4.653639793395996 	28.3508
2015-01-17T09:59:59.999Z 	42021.41666666628 	42.8049295 	6.6611587 	15.262999534606934 	1509.800048828125 	38.05039978027344 	4.651700019836426 	28.3576
2015-01-17T10:04:59.999Z 	42021.4201388885 	42.8049256 	6.6611805 	15.265000343322754 	1509.800048828125 	38.052101135253906 	4.6521100997924805 	28.3597
2015-01-17T10:09:59.999Z 	42021.42361111072 	42.8049168 	6.6612113 	15.24899959564209 	1509.699951171875 	38.051700592041016 	4.6503801345825195 	28.3673
2015-01-17T10:14:59.999Z 	42021.427083332936 	42.8049159 	6.6611822 	15.229999542236328 	1509.699951171875 	38.05179977416992 	4.648340225219727 	28.3633
2015-01-17T10:19:59.999Z 	42021.430555555155 	42.8049175 	6.6612182 	15.246000289916992 	1509.5999755859375 	38.049701690673835 	4.649869918823242 	28.3667
2015-01-17T10:24:59.999Z 	42021.43402777737 	42.8049271 	6.6612434 	15.222999572753906 	1509.5999755859375 	38.05379867553711 	4.6478400230407715 	28.3714
2015-01-17T10:29:59.999Z 	42021.43749999959 	42.8048866 	6.6612214 	15.218999862670898 	1509.5999755859375 	38.055999755859375 	4.647630214691162 	28.3741
2015-01-17T10:34:59.999Z 	42021.44097222181 	42.8049333 	6.6611613 	15.194999694824219 	1509.5999755859375 	38.05899810791016 	4.645390033721924 	28.381
2015-01-17T10:39:59.999Z 	42021.44444444403 	42.8049211 	6.6611698 	15.189000129699707 	1509.5 	38.061500549316406 	4.645090103149414 	28.3878
2015-01-17T10:44:59.999Z 	42021.44791666625 	42.804943 	6.6611778 	15.168999671936035 	1509.4000244140625 	38.06230163574219 	4.643050193786621 	28.3919
2015-01-17T10:49:59.999Z 	42021.45138888847 	42.8049223 	6.6611529 	15.161999702453613 	1509.4000244140625 	38.0625 	4.642340183258057 	28.3922
2015-01-17T10:54:59.999Z 	42021.45486111069 	42.8035349 	6.6605412 	15.166999816894531 	1509.5 	38.0625 	4.642849922180176 	28.3906
2015-01-17T10:59:59.999Z 	42021.45833333291 	42.7983738 	6.6606047 	15.17300033569336 	1509.5 	38.06110000610351 	4.643360137939453 	28.3875
2015-01-17T11:04:59.999Z 	42021.461805555125 	42.7942978 	6.6622217 	15.194999694824219 	1509.5999755859375 	38.0620002746582 	4.6458001136779785 	28.3839
2015-01-17T11:09:59.999Z 	42021.465277777344 	42.7904187 	6.6636465 	15.22700023651123 	1509.699951171875 	38.06010055541992 	4.648960113525391 	28.3724
2015-01-17T11:14:59.999Z 	42021.46874999956 	42.7861569 	6.6656081 	15.25 	1509.699951171875 	38.05939865112305 	4.651299953460693 	28.3684
2015-01-17T11:19:59.999Z 	42021.47222222178 	42.781992 	6.6680214 	15.256999969482422 	1509.699951171875 	38.05739974975586 	4.651810169219971 	28.3681
2015-01-17T11:24:59.999Z 	42021.475694444 	42.778224 	6.6710027 	15.24899959564209 	1509.699951171875 	38.05889892578125 	4.651090145111084 	28.3681
2015-01-17T11:29:59.999Z 	42021.47916666622 	42.7744195 	6.6730496 	15.248000144958496 	1509.699951171875 	38.05770111083984 	4.650889873504639 	28.37
2015-01-17T11:34:59.999Z 	42021.48263888844 	42.7711128 	6.6759981 	15.211000442504883 	1509.5999755859375 	38.0630989074707 	4.6475300788879395 	28.3821
2015-01-17T11:39:59.999Z 	42021.48611111066 	42.7673094 	6.6798058 	15.204999923706055 	1509.5999755859375 	38.06290054321289 	4.646920204162598 	28.3813
2015-01-17T11:44:59.999Z 	42021.48958333288 	42.7635227 	6.6846149 	15.189000129699707 	1509.5 	38.064300537109375 	4.645390033721924 	28.3869
2015-01-17T11:49:59.999Z 	42021.493055555096 	42.7604135 	6.6899905 	15.149999618530273 	1509.4000244140625 	38.067100524902344 	4.641520023345947 	28.398
2015-01-17T11:54:59.999Z 	42021.496527777315 	42.7655582 	6.6925708 	15.159000396728516 	1509.5 	38.06520080566406 	4.642340183258057 	28.3933
2015-01-17T11:59:59.999Z 	42021.499999999534 	42.7740847 	6.6929409 	15.170000076293945 	1509.4000244140625 	38.06919860839844 	4.643869876861572 	28.3976
2015-01-17T12:04:59.999Z 	42021.50347222175 	42.7831488 	6.6946871 	15.130000114440918 	1509.300048828125 	38.072898864746094 	4.640100002288818 	28.4117
2015-01-17T12:09:59.999Z 	42021.50694444397 	42.7928833 	6.6969497 	15.062000274658203 	1509.0 	38.06940078735351 	4.63247013092041 	28.4258
2015-01-17T12:14:59.999Z 	42021.51041666619 	42.8038969 	6.6992829 	14.965999603271484 	1508.699951171875 	38.08380126953125 	4.62391996383667 	28.4643
2015-01-17T12:19:59.999Z 	42021.51388888841 	42.8152486 	6.7017159 	14.904000282287598 	1508.5999755859375 	38.073299407958984 	4.616179943084717 	28.4601
2015-01-17T12:24:59.999Z 	42021.51736111063 	42.8263655 	6.7040429 	14.913999557495117 	1508.5999755859375 	38.06100082397461 	4.615869998931885 	28.4478
2015-01-17T12:29:59.999Z 	42021.52083333285 	42.8374806 	6.7058687 	15.083000183105469 	1509.300048828125 	38.0452995300293 	4.6320600509643555 	28.3886
2015-01-17T12:34:59.999Z 	42021.52430555507 	42.8478708 	6.7077707 	15.253000259399414 	1509.699951171875 	38.03990173339844 	4.6494598388671875 	28.3525
2015-01-17T12:39:59.999Z 	42021.527777777286 	42.8559801 	6.7108715 	15.312999725341797 	1509.9000244140625 	38.03129959106445 	4.6549601554870605 	28.3315
2015-01-17T12:44:59.999Z 	42021.531249999505 	42.8625849 	6.7148008 	15.38599967956543 	1510.0999755859375 	38.02819824218751 	4.662290096282959 	28.3168
2015-01-17T12:49:59.999Z 	42021.534722221724 	42.8688749 	6.7188197 	15.411999702453613 	1510.199951171875 	38.030799865722656 	4.665339946746826 	28.3126
2015-01-17T12:54:59.999Z 	42021.53819444394 	42.875395 	6.7227573 	15.42300033569336 	1510.199951171875 	38.03129959106445 	4.66657018661499 	28.3109
2015-01-17T12:59:59.999Z 	42021.54166666616 	42.8818691 	6.7266014 	15.420000076293945 	1510.199951171875 	38.03179931640625 	4.666259765625 	28.3132
2015-01-17T13:04:59.999Z 	42021.54513888838 	42.8886542 	6.730087 	15.444000244140625 	1510.300048828125 	38.028900146484375 	4.668499946594238 	28.303
2015-01-17T13:09:59.999Z 	42021.5486111106 	42.8953749 	6.7335561 	15.493000030517578 	1510.4000244140625 	38.024600982666016 	4.673279762268066 	28.2878
2015-01-17T13:14:59.999Z 	42021.55208333282 	42.901963 	6.7361207 	15.529000282287598 	1510.5 	38.022499084472656 	4.676849842071533 	28.2794
2015-01-17T13:19:59.999Z 	42021.55555555504 	42.9086355 	6.7384573 	15.550000190734863 	1510.5999755859375 	38.02119827270508 	4.678880214691162 	28.2741
2015-01-17T13:24:59.999Z 	42021.55902777726 	42.9153131 	6.7408723 	15.543999671936035 	1510.5999755859375 	38.02180099487305 	4.678369998931885 	28.2763
2015-01-17T13:29:59.999Z 	42021.562499999476 	42.9220815 	6.7434764 	15.543000221252441 	1510.5999755859375 	38.022499084472656 	4.678369998931885 	28.2785
2015-01-17T13:34:59.999Z 	42021.565972221695 	42.9286012 	6.7463955 	15.52299976348877 	1510.5 	38.024799346923835 	4.6764397621154785 	28.2841
2015-01-17T13:39:59.999Z 	42021.569444443914 	42.9353874 	6.7493456 	15.50100040435791 	1510.4000244140625 	38.02690124511719 	4.6743998527526855 	28.2902
2015-01-17T13:44:59.999Z 	42021.57291666613 	42.9421897 	6.7521641 	15.475000381469727 	1510.4000244140625 	38.02799987792969 	4.671760082244873 	28.2966
2015-01-17T13:49:59.999Z 	42021.57638888835 	42.9489659 	6.7550048 	15.447999954223633 	1510.300048828125 	38.02980041503906 	4.66910982131958 	28.3057
2015-01-17T13:54:59.999Z 	42021.57986111057 	42.9557741 	6.7578139 	15.4399995803833 	1510.300048828125 	38.03010177612305 	4.668190002441406 	28.3064
2015-01-17T13:59:59.999Z 	42021.58333333279 	42.9626575 	6.7606551 	15.46399974822998 	1510.300048828125 	38.02909851074219 	4.670639991760254 	28.3
2015-01-17T14:04:59.999Z 	42021.58680555501 	42.9696098 	6.7634885 	15.47599983215332 	1510.4000244140625 	38.02830123901367 	4.671860218048096 	28.2969
2015-01-17T14:09:59.999Z 	42021.59027777723 	42.976451 	6.7664013 	15.470999717712402 	1510.300048828125 	38.03020095825195 	4.6715497970581055 	28.2998
2015-01-17T14:14:59.999Z 	42021.59374999945 	42.9830873 	6.7697692 	15.473999977111816 	1510.300048828125 	38.03030014038086 	4.671860218048096 	28.2999
2015-01-17T14:19:59.999Z 	42021.597222221666 	42.9900172 	6.7732512 	15.458000183105469 	1510.300048828125 	38.031700134277344 	4.670330047607422 	28.3051
2015-01-17T14:24:59.999Z 	42021.600694443885 	42.9973947 	6.7767196 	15.416999816894531 	1510.0999755859375 	38.03379821777344 	4.666259765625 	28.3176
2015-01-17T14:29:59.999Z 	42021.604166666104 	43.0048702 	6.7800948 	15.440999984741211 	1510.4000244140625 	38.02600097656249 	4.6678900718688965 	28.2955
2015-01-17T14:34:59.999Z 	42021.60763888832 	43.0123642 	6.7829349 	15.628999710083008 	1510.9000244140625 	38.011600494384766 	4.6862101554870605 	28.2447
2015-01-17T14:39:59.999Z 	42021.61111111054 	43.0198857 	6.7861919 	15.729000091552734 	1511.199951171875 	38.00559997558594 	4.696189880371094 	28.2189
2015-01-17T14:44:59.999Z 	42021.61458333276 	43.02732 	6.7895396 	15.784000396728516 	1511.300048828125 	38.001800537109375 	4.701580047607422 	28.2034
2015-01-17T14:49:59.999Z 	42021.61805555498 	43.0346884 	6.7929952 	15.833999633789062 	1511.5 	38.0 	4.706779956817627 	28.1912
2015-01-17T14:54:59.999Z 	42021.6215277772 	43.0420991 	6.7966268 	15.857999801635742 	1511.5 	37.998199462890625 	4.70911979675293 	28.1848
2015-01-17T14:59:59.999Z 	42021.62499999942 	43.0494408 	6.8005154 	15.88700008392334 	1511.5999755859375 	37.992698669433594 	4.711559772491455 	28.1756
2015-01-17T15:04:59.999Z 	42021.62847222164 	43.0568104 	6.8044471 	15.902999877929688 	1511.699951171875 	37.990699768066406 	4.713089942932129 	28.1698
2015-01-17T15:09:59.999Z 	42021.631944443856 	43.0641587 	6.8085454 	15.909000396728516 	1511.699951171875 	37.99100112915039 	4.713699817657471 	28.1687
2015-01-17T15:14:59.999Z 	42021.635416666075 	43.0715238 	6.81258 	15.911999702453613 	1511.699951171875 	37.9911003112793 	4.714000225067139 	28.1677
2015-01-17T15:19:59.999Z 	42021.638888888294 	43.0788351 	6.8166566 	15.916000366210938 	1511.699951171875 	37.99089813232422 	4.714409828186035 	28.1674
2015-01-17T15:24:59.999Z 	42021.64236111051 	43.0862195 	6.8208855 	15.918000221252441 	1511.699951171875 	37.99100112915039 	4.714719772338867 	28.167
2015-01-17T15:29:59.999Z 	42021.64583333273 	43.0937491 	6.8246643 	15.920999526977539 	1511.699951171875 	37.9911003112793 	4.715020179748535 	28.1654
2015-01-17T15:34:59.999Z 	42021.64930555495 	43.1003643 	6.8270989 	15.92300033569336 	1511.699951171875 	37.99100112915039 	4.7152299880981445 	28.1639
2015-01-17T15:39:59.999Z 	42021.65277777717 	43.1031813 	6.8254328 	15.925999641418457 	1511.699951171875 	37.988399505615234 	4.7152299880981445 	28.1636
2015-01-17T15:44:59.999Z 	42021.65624999939 	43.1035023 	6.8257667 	15.918000221252441 	1511.699951171875 	37.987300872802734 	4.714310169219971 	28.1623
2015-01-17T15:49:59.999Z 	42021.65972222161 	43.1046673 	6.8261023 	15.911999702453613 	1511.699951171875 	37.985801696777344 	4.713500022888184 	28.1619
2015-01-17T15:54:59.999Z 	42021.66319444383 	43.1044834 	6.8263355 	15.92199993133545 	1511.699951171875 	37.98429870605469 	4.714409828186035 	28.1591
2015-01-17T15:59:59.999Z 	42021.666666666046 	43.1043398 	6.8272995 	15.925999641418457 	1511.699951171875 	37.9827995300293 	4.714620113372803 	28.1588
2015-01-17T16:04:59.999Z 	42021.670138888265 	43.1034564 	6.8270076 	15.920999526977539 	1511.699951171875 	37.983699798583984 	4.714210033416748 	28.1596
2015-01-17T16:09:59.999Z 	42021.673611110484 	43.1032202 	6.8269889 	15.92199993133545 	1511.699951171875 	37.98429870605469 	4.714409828186035 	28.1585
2015-01-17T16:14:59.999Z 	42021.6770833327 	43.1031229 	6.8269884 	15.920999526977539 	1511.699951171875 	37.9827995300293 	4.714109897613525 	28.1594
2015-01-17T16:19:59.999Z 	42021.68055555492 	43.1031231 	6.8269655 	15.895999908447266 	1511.699951171875 	37.98440170288086 	4.711659908294678 	28.1618
2015-01-17T16:24:59.999Z 	42021.68402777714 	43.1031146 	6.8269625 	15.907999992370605 	1511.699951171875 	37.983299255371094 	4.712779998779297 	28.1623
2015-01-17T16:29:59.999Z 	42021.68749999936 	43.1031234 	6.8269784 	15.907999992370605 	1511.699951171875 	37.983299255371094 	4.712779998779297 	28.16
2015-01-17T16:34:59.999Z 	42021.69097222158 	43.1031243 	6.8269839 	15.902999877929688 	1511.699951171875 	37.98210144042969 	4.712069988250732 	28.1611
2015-01-17T16:39:59.999Z 	42021.6944444438 	43.1031453 	6.8269841 	15.909000396728516 	1511.699951171875 	37.9818000793457 	4.712679862976074 	28.1592
2015-01-17T16:44:59.999Z 	42021.69791666602 	43.1031268 	6.8269702 	15.913000106811523 	1511.699951171875 	37.982398986816406 	4.713190078735352 	28.1589
2015-01-17T16:49:59.999Z 	42021.701388888236 	43.1031359 	6.8269767 	15.90999984741211 	1511.699951171875 	37.98139953613281 	4.712779998779297 	28.158
2015-01-17T16:54:59.999Z 	42021.704861110455 	43.1031133 	6.8269641 	15.904999732971191 	1511.699951171875 	37.98320007324219 	4.712480068206787 	28.1621
2015-01-17T16:59:59.999Z 	42021.708333332674 	43.1031465 	6.8269834 	15.897000312805176 	1511.699951171875 	37.98189926147461 	4.711460113525391 	28.16
2015-01-17T17:04:59.999Z 	42021.71180555489 	43.1031283 	6.8269728 	15.902999877929688 	1511.699951171875 	37.98210144042969 	4.712069988250732 	28.1604
2015-01-17T17:09:59.999Z 	42021.71527777711 	43.1031331 	6.8269917 	15.906999588012695 	1511.699951171875 	37.98210144042969 	4.71258020401001 	28.1599
2015-01-17T17:14:59.999Z 	42021.71874999933 	43.1031355 	6.8269989 	15.909000396728516 	1511.699951171875 	37.9818000793457 	4.712679862976074 	28.1583
2015-01-17T17:19:59.999Z 	42021.72222222155 	43.1031327 	6.8269684 	15.895000457763672 	1511.699951171875 	37.98199844360351 	4.711259841918945 	28.1599
2015-01-17T17:24:59.999Z 	42021.72569444377 	43.1031337 	6.82697 	15.89900016784668 	1511.699951171875 	37.982398986816406 	4.711659908294678 	28.1605
2015-01-17T17:29:59.999Z 	42021.72916666599 	43.1031312 	6.8269849 	15.899999618530273 	1511.699951171875 	37.981098175048835 	4.711659908294678 	28.1596
2015-01-17T17:34:59.999Z 	42021.73263888821 	43.1031362 	6.8269529 	15.902999877929688 	1511.699951171875 	37.981201171875 	4.71196985244751 	28.16
2015-01-17T17:39:59.999Z 	42021.736111110426 	43.1031267 	6.8269774 	15.895999908447266 	1511.699951171875 	37.98229980468751 	4.711359977722168 	28.1622
2015-01-17T17:44:59.999Z 	42021.739583332645 	43.1022282 	6.8259505 	15.899999618530273 	1511.699951171875 	37.981098175048835 	4.711659908294678 	28.1587
2015-01-17T17:49:59.999Z 	42021.74305555486 	43.0950368 	6.826134 	15.901000022888184 	1511.699951171875 	37.98160171508789 	4.711870193481445 	28.1594
2015-01-17T17:54:59.999Z 	42021.74652777708 	43.0848553 	6.8267278 	15.88599967956543 	1511.699951171875 	37.98500061035156 	4.710639953613281 	28.1648
2015-01-17T17:59:59.999Z 	42021.7499999993 	43.0712564 	6.8272256 	15.87600040435791 	1511.5999755859375 	37.9911994934082 	4.710239887237549 	28.1734
2015-01-17T18:04:59.999Z 	42021.75347222152 	43.0569224 	6.8276637 	15.854999542236328 	1511.5 	37.99440002441406 	4.708399772644043 	28.1822
2015-01-17T18:09:59.999Z 	42021.75694444374 	43.0427575 	6.8279402 	15.82699966430664 	1511.4000244140625 	37.99620056152344 	4.705550193786621 	28.1913
2015-01-17T18:14:59.999Z 	42021.76041666596 	43.028382 	6.8283395 	15.78600025177002 	1511.300048828125 	37.99909973144531 	4.701580047607422 	28.2016
2015-01-17T18:19:59.999Z 	42021.76388888818 	43.014154 	6.8285415 	15.76200008392334 	1511.300048828125 	38.000099182128906 	4.6991400718688965 	28.207
2015-01-17T18:24:59.999Z 	42021.7673611104 	43.001895 	6.8286384 	15.737000465393066 	1511.199951171875 	38.002300262451165 	4.696700096130371 	28.2152
2015-01-17T18:29:59.999Z 	42021.770833332615 	42.990764 	6.8288201 	15.718999862670898 	1511.0999755859375 	38.00379943847656 	4.69497013092041 	28.2218
2015-01-17T18:34:59.999Z 	42021.774305554834 	42.9863309 	6.8287089 	15.694999694824219 	1511.0999755859375 	38.00469970703125 	4.6925201416015625 	28.2236
2015-01-17T18:39:59.999Z 	42021.77777777705 	42.985515 	6.8282681 	15.682999610900879 	1511.0 	38.00550079345703 	4.691299915313721 	28.2279
2015-01-17T18:44:59.999Z 	42021.78124999927 	42.9857546 	6.8284215 	15.67199993133545 	1511.0 	38.00619888305664 	4.690279960632324 	28.2304
2015-01-17T18:49:59.999Z 	42021.78472222149 	42.9858957 	6.8284784 	15.67199993133545 	1511.0 	38.00590133666992 	4.690179824829102 	28.2308
2015-01-17T18:54:59.999Z 	42021.78819444371 	42.9858919 	6.8284816 	15.682999610900879 	1511.0 	38.00490188598633 	4.691299915313721 	28.2276
2015-01-17T18:59:59.999Z 	42021.79166666593 	42.9859051 	6.8284922 	15.67199993133545 	1511.0 	38.00619888305664 	4.690279960632324 	28.2308
2015-01-17T19:04:59.999Z 	42021.79513888815 	42.9858916 	6.8284999 	15.685999870300293 	1511.0 	38.00410079956055 	4.691510200500488 	28.2271
2015-01-17T19:09:59.999Z 	42021.79861111037 	42.9858935 	6.828498 	15.680999755859375 	1511.0 	38.005001068115234 	4.691100120544434 	28.228
2015-01-17T19:14:59.999Z 	42021.802083332586 	42.985895 	6.8285013 	15.682000160217285 	1511.0 	38.00429916381836 	4.691100120544434 	28.2266
2015-01-17T19:19:59.999Z 	42021.805555554805 	42.9858987 	6.8284943 	15.677000045776367 	1511.0 	38.00529861450195 	4.690690040588379 	28.2299
2015-01-17T19:24:59.999Z 	42021.809027777024 	42.9858845 	6.8284981 	15.67199993133545 	1511.0 	38.004398345947266 	4.690080165863037 	28.2283
2015-01-17T19:29:59.999Z 	42021.81249999924 	42.9858762 	6.8285089 	15.67300033569336 	1511.0 	38.00550079345703 	4.690279960632324 	28.229
2015-01-17T19:34:59.999Z 	42021.81597222146 	42.9858818 	6.8284825 	15.668999671936035 	1511.0 	38.00669860839844 	4.6899800300598145 	28.2328
2015-01-17T19:39:59.999Z 	42021.81944444368 	42.9858875 	6.8284905 	15.668000221252441 	1511.0 	38.00529861450195 	4.689670085906982 	28.2312
2015-01-17T19:44:59.999Z 	42021.8229166659 	42.9858866 	6.8284759 	15.65999984741211 	1511.0 	38.00699996948242 	4.689060211181641 	28.2359
2015-01-17T19:49:59.999Z 	42021.82638888812 	42.9858683 	6.8284892 	15.656999588012695 	1511.0 	38.00690078735351 	4.688759803771973 	28.2351
2015-01-17T19:54:59.999Z 	42021.82986111034 	42.9859025 	6.8285052 	15.647000312805176 	1510.9000244140625 	38.00659942626953 	4.687640190124512 	28.2372
2015-01-17T19:59:59.999Z 	42021.83333333256 	42.985877 	6.8284803 	15.63700008392334 	1510.9000244140625 	38.008201599121094 	4.68671989440918 	28.2393
2015-01-17T20:04:59.999Z 	42021.836805554776 	42.9858721 	6.8284897 	15.633000373840332 	1510.9000244140625 	38.00790023803711 	4.686309814453125 	28.2404
2015-01-17T20:09:59.999Z 	42021.840277776995 	42.9858675 	6.828483 	15.633000373840332 	1510.9000244140625 	38.0088005065918 	4.68641996383667 	28.2422
2015-01-17T20:14:59.999Z 	42021.843749999214 	42.9865352 	6.8285992 	15.623000144958496 	1510.800048828125 	38.009498596191406 	4.685400009155273 	28.2458
2015-01-17T20:19:59.999Z 	42021.84722222143 	42.9841079 	6.8344281 	15.61400032043457 	1510.800048828125 	38.01070022583008 	4.684579849243164 	28.2478
2015-01-17T20:24:59.999Z 	42021.85069444365 	42.9721801 	6.8333848 	15.633000373840332 	1510.9000244140625 	38.00790023803711 	4.686309814453125 	28.2419
2015-01-17T20:29:59.999Z 	42021.85416666587 	42.9589628 	6.8321307 	15.59000015258789 	1510.699951171875 	38.01350021362305 	4.682340145111084 	28.2579
2015-01-17T20:34:59.999Z 	42021.85763888809 	42.9452523 	6.830948 	15.508999824523926 	1510.4000244140625 	38.02050018310547 	4.6745100021362305 	28.2846
2015-01-17T20:39:59.999Z 	42021.86111111031 	42.9315523 	6.8302651 	15.414999961853027 	1510.199951171875 	38.028099060058594 	4.665339946746826 	28.3122
2015-01-17T20:44:59.999Z 	42021.86458333253 	42.9177577 	6.8303083 	15.383999824523926 	1510.0999755859375 	38.02859878540039 	4.662189960479736 	28.3188
2015-01-17T20:49:59.999Z 	42021.86805555475 	42.9039296 	6.8309 	15.173999786376953 	1509.4000244140625 	38.05289840698242 	4.642539978027344 	28.3841
2015-01-17T20:54:59.999Z 	42021.871527776966 	42.8901042 	6.8317201 	15.055999755859375 	1509.0999755859375 	38.06439971923828 	4.631350040435791 	28.4164
2015-01-17T20:59:59.999Z 	42021.874999999185 	42.8765746 	6.8323876 	15.045000076293945 	1509.0 	38.06560134887695 	4.630229949951172 	28.4235
2015-01-17T21:04:59.999Z 	42021.878472221404 	42.869113 	6.831931 	15.005000114440918 	1508.9000244140625 	38.067501068115234 	4.626259803771973 	28.4329
2015-01-17T21:09:59.999Z 	42021.88194444362 	42.8688159 	6.831435 	14.991000175476074 	1508.9000244140625 	38.066898345947266 	4.624730110168457 	28.4316
2015-01-17T21:14:59.999Z 	42021.88541666584 	42.8688939 	6.8311129 	15.005000114440918 	1509.0 	38.06660079956055 	4.626150131225586 	28.4292
2015-01-17T21:19:59.999Z 	42021.88888888806 	42.8688864 	6.830852 	15.005000114440918 	1508.9000244140625 	38.06560134887695 	4.626049995422363 	28.4299
2015-01-17T21:24:59.999Z 	42021.89236111028 	42.8688919 	6.8308867 	15.008000373840332 	1509.0 	38.06570053100586 	4.626359939575195 	28.4275
2015-01-17T21:29:59.999Z 	42021.8958333325 	42.8688845 	6.8308946 	15.006999969482422 	1509.0 	38.066200256347656 	4.626259803771973 	28.4268
2015-01-17T21:34:59.999Z 	42021.89930555472 	42.8689184 	6.8309033 	15.008000373840332 	1509.0 	38.06669998168945 	4.626460075378418 	28.4278
2015-01-17T21:39:59.999Z 	42021.90277777694 	42.8688979 	6.8309065 	15.005000114440918 	1509.0 	38.06660079956055 	4.626150131225586 	28.4278
2015-01-17T21:44:59.999Z 	42021.906249999156 	42.8689093 	6.8308596 	15.006999969482422 	1509.0 	38.06639862060547 	4.626359939575195 	28.4291
2015-01-17T21:49:59.999Z 	42021.909722221375 	42.8688894 	6.8309044 	15.008999824523926 	1509.0 	38.066898345947266 	4.626560211181641 	28.4283
2015-01-17T21:54:59.999Z 	42021.913194443594 	42.8689119 	6.8309324 	15.008999824523926 	1509.0 	38.06600189208984 	4.626460075378418 	28.4257
2015-01-17T21:59:59.999Z 	42021.91666666581 	42.8689085 	6.8309115 	15.006999969482422 	1509.0 	38.06740188598633 	4.626460075378418 	28.429
2015-01-17T22:04:59.999Z 	42021.92013888803 	42.8688809 	6.830879 	15.01200008392334 	1509.0 	38.06639862060547 	4.626870155334473 	28.4276
2015-01-17T22:09:59.999Z 	42021.92361111025 	42.8688788 	6.8308556 	15.003000259399414 	1509.0 	38.06769943237305 	4.626049995422363 	28.4302
2015-01-17T22:14:59.999Z 	42021.92708333247 	42.8688848 	6.8308651 	15.003999710083008 	1509.0 	38.06700134277344 	4.626049995422363 	28.4292
2015-01-17T22:19:59.999Z 	42021.93055555469 	42.8689102 	6.8308837 	15.0 	1509.0 	38.068500518798835 	4.625850200653076 	28.4317
2015-01-17T22:24:59.999Z 	42021.93402777691 	42.8689022 	6.8309125 	14.994000434875488 	1508.9000244140625 	38.06800079345703 	4.625140190124512 	28.4326
2015-01-17T22:29:59.999Z 	42021.93749999913 	42.8688881 	6.8309209 	14.991000175476074 	1508.9000244140625 	38.067901611328125 	4.6248297691345215 	28.4324
2015-01-17T22:34:59.999Z 	42021.940972221346 	42.8688929 	6.8308714 	14.989999771118164 	1509.0 	38.06829833984375 	4.624730110168457 	28.4319
2015-01-17T22:39:59.999Z 	42021.944444443565 	42.8688913 	6.8309231 	14.994000434875488 	1508.9000244140625 	38.06890106201172 	4.625239849090576 	28.4356
2015-01-17T22:44:59.999Z 	42021.947916665784 	42.8689155 	6.830872 	14.993000030517578 	1508.9000244140625 	38.06940078735351 	4.625140190124512 	28.4362
2015-01-17T22:49:59.999Z 	42021.951388888 	42.8689002 	6.8308721 	14.989999771118164 	1508.9000244140625 	38.06919860839844 	4.6248297691345215 	28.4347
2015-01-17T22:54:59.999Z 	42021.95486111022 	42.8688764 	6.8309266 	14.984000205993652 	1508.9000244140625 	38.06999969482422 	4.624320030212402 	28.4357
2015-01-17T22:59:59.999Z 	42021.95833333244 	42.8642341 	6.8304142 	14.996000289916992 	1508.9000244140625 	38.070701599121094 	4.625649929046631 	28.4364
2015-01-17T23:04:59.999Z 	42021.96180555466 	42.8521794 	6.8307553 	14.968000411987305 	1508.800048828125 	38.0702018737793 	4.622590065002441 	28.4417
2015-01-17T23:09:59.999Z 	42021.96527777688 	42.8391549 	6.8315081 	14.939000129699707 	1508.699951171875 	38.072601318359375 	4.619840145111084 	28.4505
2015-01-17T23:14:59.999Z 	42021.9687499991 	42.8262966 	6.8326252 	14.881999969482422 	1508.5 	38.07720184326172 	4.614250183105469 	28.4676
2015-01-17T23:19:59.999Z 	42021.97222222132 	42.8131592 	6.8332675 	14.809000015258789 	1508.300048828125 	38.08190155029297 	4.607120037078857 	28.4899
2015-01-17T23:24:59.999Z 	42021.975694443536 	42.8003599 	6.8335718 	14.70199966430664 	1508.0 	38.09400177001953 	4.597050189971924 	28.5185
2015-01-17T23:29:59.999Z 	42021.979166665755 	42.7870708 	6.8338848 	14.70199966430664 	1508.0 	38.096900939941406 	4.597350120544434 	28.5224
2015-01-17T23:34:59.999Z 	42021.982638887974 	42.7741804 	6.8342336 	14.670000076293945 	1507.9000244140625 	38.09899902343751 	4.594200134277344 	28.5297
2015-01-17T23:39:59.999Z 	42021.98611111019 	42.7612609 	6.8343951 	14.631999969482422 	1507.800048828125 	38.10559844970703 	4.590939998626709 	28.5455
2015-01-17T23:44:59.999Z 	42021.98958333241 	42.7528259 	6.8343955 	14.54699993133545 	1507.5 	38.11529922485351 	4.583000183105469 	28.5731
2015-01-17T23:49:59.999Z 	42021.99305555463 	42.7517721 	6.8334651 	14.524999618530273 	1507.5 	38.11640167236328 	4.5807600021362305 	28.5759
2015-01-17T23:54:59.999Z 	42021.99652777685 	42.7517224 	6.8334257 	14.505000114440918 	1507.4000244140625 	38.122100830078125 	4.579239845275879 	28.5833
2015-01-17T23:59:59.999Z 	42021.99999999907 	42.7517709 	6.8334863 					
